1086.285714,
 1083.857143,
 1147.714286,
 1073.285714,
 1130.428571,
 1096.285714,
 1132.714286,
 1115.571429,
 1118.714286,
 1112.714286,
 1144.000000,
 1131.428571,
 1148.285714,
 1112.285714,
 1160.571429,
 1136.428571,
 1146.571429,
 1104.857143,
 1173.142857,
 1149.285714,
 1153.285714,
 1166.142857,
 1178.142857,
 1178.285714,
 1205.857143,
 1220.285714,
 1191.571429,
 1169.285714,
 1179.857143,
 1177.857143,
 1234.857143,
 1168.428571,
 1183.714286,
 1186.571429,
 1196.285714,
 1209.000000,
 1206.142857,
 1198.285714,
 1197.000000,
 1205.285714,
 1209.428571,
 1215.142857,
 1170.857143,
 1150.571429,
 1218.714286,
 1205.142857,
 1173.571429,
 1182.000000,
 1211.142857,
 1209.285714,
 1172.000000,
 1200.142857,
 1180.857143,
 1141.857143,
 1172.571429,
 1179.857143,
 1149.428571,
 1173.142857,
 1172.000000,
 1126.714286,
 1153.285714,
 1173.285714,
 1155.857143,
 1197.428571,
 1206.000000,
 1251.285714,
 1303.142857,
 1137.285714,
 1176.571429,
 1219.714286,
 1217.571429,
 1255.000000,
 1227.571429,
 1227.142857,
 1315.714286,
 1255.714286,
 1351.142857,
 1259.428571,
 1353.428571,
 1360.714286,
 1334.571429,
 1353.714286,
 1352.285714,
 1397.714286,
 1402.428571,
 1380.571429,
 1424.285714,
 1438.714286,
 1488.428571,
 1480.857143,
 1515.428571,
 1530.714286,
 1573.571429,
 1558.857143,
 1562.000000,
 1610.571429,
 1664.571429,
 1643.428571,
 1657.857143,
 1676.428571,
 1709.571429,
 1690.857143,
 1757.571429,
 1749.000000,
 1779.714286,
 1762.714286,
 1753.714286,
 1797.857143,
 1759.857143,
 1745.857143,
 1780.857143,
 1763.285714,
 1783.142857,
 1789.857143,
 1790.857143,
 1820.428571,
 1891.142857,
 1865.714286,
 1896.714286,
 1925.285714,
 1922.285714,
 1940.000000,
 1936.000000,
 1909.714286,
 1964.428571,
 1979.857143,
 2050.428571,
 2099.000000,
 2179.714286,
 2210.000000,
 2335.857143,
 2355.428571,
 2375.428571,
 2424.428571,
 2484.285714,
 2450.285714,
 2526.285714,
 2563.714286,
 2601.142857,
 2670.142857,
 2711.000000,
 2771.428571,
 2855.857143,
 2945.142857,
 3098.857143,
 3181.000000,
 3248.571429,
 3288.571429,
 3309.142857,
 3187.285714,
 3204.857143,
 3155.142857,
 3186.428571,
 3219.857143,
 3149.857143,
 3257.000000,
 3391.000000,
 3445.571429,
 3558.285714,
 3466.714286,
 3505.000000,
 3536.571429,
 3567.142857,
 3689.571429,
 3830.714286,
 4004.857143,
 4201.000000,
 4279.285714,
 4419.571429,
 4637.285714,
 5008.857143,
 5197.714286,
 5219.571429,
 5332.142857,
 5345.285714,
 5426.000000,
 5609.428571,
 5709.857143,
 5875.000000,
 6084.428571,
 6310.857143,
 6418.714286,
 6562.714286,
 6672.428571,
 6882.857143,
 6985.857143,
 7106.285714,
 7281.000000,
 7447.285714,
 7550.142857,
 7776.285714,
 7814.428571,
 7989.142857,
 8179.142857,
 8313.000000,
 8457.714286,
 8653.428571,
 8703.428571,
 8928.285714,
 9119.285714,
 9314.285714,
 9536.000000,
 9686.285714,
 9875.000000,
 10164.714286,
 10293.142857,
 10584.285714,
 10801.571429,
 10944.000000,
 11045.142857,
 11142.428571,
 11246.285714,
 11379.714286,
 11435.285714,
 11781.428571,
 12021.285714,
 12319.285714,
 12696.714286,
 13111.000000,
 13649.714286,
 14080.428571,
 14550.000000,
 14991.285714,
 15492.428571,
 16094.857143,
 16449.428571,
 16712.571429,
 17109.571429,
 17642.571429,
 18334.428571,
 19276.714286,
 20197.571429,
 21203.857143,
 22350.428571,
 23243.571429,
 24573.285714,
 25598.714286,
 26836.000000,
 27643.285714,
 27890.285714,
 27725.285714,
 27068.000000,
 26116.142857,
 25228.571429,
 24244.571429,
 23447.000000,
 22753.000000,
 22308.857143,
 21961.714286,
 21977.428571,
 21915.571429,
 21642.000000,
 21587.571429,
 21339.714286,
 20941.000000,
 20165.571429,
 19569.857143,
 19104.428571,
 18524.714286,
 18327.714286,
 18158.714286,
 17900.571429,
 17890.000000,
 17886.000000,
 17866.000000,
 18019.714286,
 18188.428571,
 18473.000000,
 18720.857143,
 18767.571429,
 18726.000000,
 18722.000000,
 18716.857143,
 18598.142857,
 18452.285714,
 18338.857143,
 18229.714286,
 18316.428571,
 18514.857143,
 18547.857143,
 18938.714286,
 19352.285714,
 19423.571429,
 19490.285714,
 19249.000000,
 19037.714286,
 18739.571429,
 18399.000000,
 18340.285714,
 18264.285714,
 18565.285714,
 18751.857143,
 18766.857143,
 18882.142857,
 18928.571429,
 18805.142857,
 18642.428571,
 18615.000000,
 18589.714286,
 18678.000000,
 18606.142857,
 18756.857143,
 18842.714286,
 19067.000000,
 19373.571429,
 19650.857143,
 19856.571429,
 20306.000000,
 20662.285714,
 20974.142857,
 21439.000000,
 22062.857143,
 22698.142857,
 23288.857143,
 23597.857143,
 24401.285714,
 25029.142857,
 25641.857143,
 26340.142857,
 27032.285714,
 27579.000000,
 27820.571429,
 27745.571429,
 27703.000000,
 27136.285714,
 26487.857143,
 25992.000000,
 25162.857143,
 24534.857143,
 24006.285714,
 23444.714286,
 23097.142857,
 22702.571429,
 22572.428571,
 22441.857143,
 22448.571429,
 22434.285714,
 22571.000000,
 22841.285714,
 22976.428571,
 23522.428571,
 23715.000000,
 24351.857143,
 25057.142857,
 25998.857143,
 26818.428571,
 28026.714286,
 29222.142857,
 30460.285714,
 31419.571429,
 31651.714286,
 31204.714286,
 30238.000000,
 29237.571429,
 28345.857143,
 27412.142857,
 26480.285714,
 25967.857143,
 25313.714286,
 24599.571429,
 24071.142857,
 23391.142857,
 22709.000000,
 22042.714286,
 21471.285714,
 20905.714286,
 20554.571429,
 19926.142857,
 19585.142857,
 19218.857143,
 19000.571429,
 18573.000000,
 18522.571429,
 18488.285714,
 18466.571429,
 18337.428571,
 18433.000000,
 18517.142857,
 18695.714286,
 18958.142857,
 19238.285714,
 19347.428571,
 19410.285714,
 19221.857143,
 18619.571429,
 18210.285714,
 17812.000000,
 17519.714286,
 17103.142857,
 16819.000000,
 16668.714286,
 16279.285714,
 16324.000000,
 16218.000000,
 16091.857143,
 16069.285714,
 16057.714286,
 15969.285714,
 15994.285714,
 15808.714286,
 15932.428571,
 16163.571429,
 16260.714286,
 16296.428571,
 16571.428571,
 16632.571429,
 16718.000000,
 16985.000000,
 17226.571429,
 17405.714286,
 17705.857143,
 18002.571429,
 18490.285714,
 18868.571429,
 19272.571429,
 19493.428571,
 19564.428571,
 19813.428571,
 20038.714286,
 20322.714286,
 20894.571429,
 21544.857143,
 22071.000000,
 22711.428571,
 23200.714286,
 23689.285714,
 24357.142857,
 25075.142857,
 25988.285714,
 26909.428571,
 27589.000000,
 27808.428571,
 27568.714286,
 26850.714286,
 25891.571429,
 24899.428571,
 24131.571429,
 23385.285714,
 22699.428571,
 21902.142857,
 21231.428571,
 20769.285714,
 20367.857143,
 20068.000000,
 19733.857143,
 19569.000000,
 19452.285714,
 19381.000000,
 19165.285714,
 18815.428571,
 18830.857143,
 18558.428571,
 18383.428571,
 18116.857143,
 17866.857143,
 17778.142857,
 17579.000000,
 17389.714286,
 17253.285714,
 17225.571429,
 17173.285714,
 17202.428571,
 17138.285714,
 17184.857143,
 17138.142857,
 17247.571429,
 17480.714286,
 17601.571429,
 17970.142857,
 18385.000000,
 18549.571429,
 18874.142857,
 19223.142857,
 19259.857143,
 19041.857143,
 18808.142857,
 18715.714286,
 18521.428571,
 18314.571429,
 18320.714286,
 18284.428571,
 18291.000000,
 18391.428571,
 18289.285714,
 18386.000000,
 18365.142857,
 18203.000000,
 18368.285714,
 18380.571429,
 18354.142857,
 18295.000000,
 18362.714286,
 18362.142857,
 18294.714286,
 18332.285714,
 18351.285714,
 18553.857143,
 18791.428571,
 19356.571429,
 19841.714286,
 20721.428571,
 21638.571429,
 22592.285714,
 23008.285714,
 22998.571429,
 22592.714286,
 22016.000000,
 21410.714286,
 20925.571429,
 20502.142857,
 20052.714286,
 19761.571429,
 19545.142857,
 19398.285714,
 19095.000000,
 18950.428571,
 18776.571429,
 18619.000000,
 18545.285714,
 18365.857143,
 18313.714286,
 18126.000000,
 18063.571429,
 17851.571429,
 17890.142857,
 17862.142857,
 18029.285714,
 18124.571429,
 18308.714286,
 18582.285714,
 18907.000000,
 19103.142857,
 19296.142857,
 19369.857143,
 19473.714286,
 19766.571429,
 20048.428571,
 20055.714286,
 20212.428571,
 20363.857143,
 20441.571429,
 20432.571429,
 20512.571429,
 20349.142857,
 20332.714286,
 20483.714286,
 20481.142857,
 20381.571429,
 20607.571429,
 20603.142857,
 20709.000000,
 21011.428571,
 21159.428571,
 21238.000000,
 21433.428571,
 21624.428571,
 21949.285714,
 22113.714286,
 22275.000000,
 22563.000000,
 22877.428571,
 23138.142857,
 23515.714286,
 23860.857143,
 24353.142857,
 24644.571429,
 25218.571429,
 25676.714286,
 25900.428571,
 26275.571429,
 26812.285714,
 27400.714286,
 28081.571429,
 28378.000000,
 28532.428571,
 28330.000000,
 27918.428571,
 27559.428571,
 27467.142857,
 27193.000000,
 27043.571429,
 27171.285714,
 27228.142857,
 27426.428571,
 27729.142857,
 28099.285714,
 28377.428571,
 28656.714286,
 28691.285714,
 28535.142857,
 28492.857143,
 28701.142857,
 28796.571429,
 29010.714286,
 29507.285714,
 29849.000000,
 30169.000000,
 30089.142857,
 30129.428571,
 30217.714286,
 30309.571429,
 30401.857143,
 30447.142857,
 30331.714286,
 30182.428571,
 29681.571429,
 29402.571429,
 28951.857143,
 28721.428571,
 28581.428571,
 28438.714286,
 28359.000000,
 28336.000000,
 28420.857143,
 28255.285714,
 28537.142857,
 28472.857143,
 28696.857143,
 28685.000000,
 28907.714286,
 29132.000000,
 29651.714286,
 30112.857143,
 30627.142857,
 31116.142857,
 31209.142857,
 31196.714286,
 31204.571429,
 31080.428571,
 30852.142857,
 30449.714286,
 30323.285714,
 30098.428571,
 30093.142857,
 30180.714286,
 30228.285714,
 29961.285714,
 29751.571429,
 29679.571429,
 29454.571429,
 29416.571429,
 29456.142857,
 29557.000000,
 29635.714286,
 29793.285714,
 29945.857143,
 30262.857143,
 30465.857143,
 30870.857143,
 31200.000000,
 31488.857143,
 31962.142857,
 32348.714286,
 32351.857143,
 32575.285714,
 32603.000000,
 32666.142857,
 32631.714286,
 32502.571429,
 32569.857143,
 32788.857143,
 32745.428571,
 32902.857143,
 33096.142857,
 33471.714286,
 33785.285714,
 33889.285714,
 34053.285714,
 34024.428571,
 34039.285714,
 33906.857143,
 33770.142857,
 33491.428571,
 33201.714286,
 32882.000000,
 32756.000000,
 32250.428571,
 31859.571429,
 31573.857143,
 31133.428571,
 30885.714286,
 30588.428571,
 30222.428571,
 29959.285714,
 29858.285714,
 29581.142857,
 29343.000000,
 29095.142857,
 28977.285714,
 28784.000000,
 28675.571429,
 28467.285714,
 28520.285714,
 28282.714286,
 28222.285714,
 28125.000000,
 27990.285714,
 28095.000000,
 28102.571429,
 28216.000000,
 28185.142857,
 28079.428571,
 28096.285714,
 27872.142857,
 27627.428571,
 27438.857143,
 27070.571429,
 26822.857143,
 26702.142857,
 26554.714286,
 26400.285714,
 26411.714286,
 26310.571429,
 26333.857143,
 26362.714286,
 26074.142857,
 25978.285714,
 25882.857143,
 25890.571429,
 25774.857143,
 25775.714286,
 25778.428571,
 25785.428571,
 25881.000000,
 26005.571429,
 26002.000000,
 26269.000000,
 26214.428571,
 26492.000000,
 26706.428571,
 26602.285714,
 26585.714286,
 26513.571429,
 26657.714286,
 26663.714286,
 26712.571429,
 26755.428571,
 27091.714286,
 27418.285714,
 27687.142857,
 27932.571429,
 28208.428571,
 28592.714286,
 28691.714286,
 29047.285714,
 29250.285714,
 29258.714286,
 29179.857143,
 29023.000000,
 29182.428571,
 29143.857143,
 28958.142857,
 29264.285714,
 29147.000000,
 29131.000000,
 29073.571429,
 28899.285714,
 28907.142857,
 28915.571429,
 28813.000000,
 29025.857143,
 29122.428571,
 28867.285714,
 29098.285714,
 29140.571429,
 29204.142857,
 29025.000000,
 29135.428571,
 28875.714286,
 28849.857143,
 28739.142857,
 28615.000000,
 28523.285714,
 28609.857143,
 28673.714286,
 28761.000000,
 28836.142857,
 28903.428571,
 29404.714286,
 29601.714286,
 29879.000000,
 30428.428571,
 30940.571429,
 31341.000000,
 32105.285714,
 32360.285714,
 32706.571429,
 32427.000000,
 32174.285714,
 31733.571429,
 31238.000000,
 30827.000000,
 30321.857143,
 30115.428571,
 29789.000000,
 29538.857143,
 29398.000000,
 28960.142857,
 28979.571429,
 28885.285714,
 28777.285714,
 28720.285714,
 28705.142857,
 28739.857143,
 28409.285714,
 28428.142857,
 28352.142857,
 28314.714286,
 28255.428571,
 28384.428571,
 28668.714286,
 28888.857143,
 28888.571429,
 29071.428571,
 29043.000000,
 29133.571429,
 29149.285714,
 29087.142857,
 28933.857143,
 28616.142857,
 28538.285714,
 28181.714286,
 27899.285714,
 27575.142857,
 27472.571429,
 27366.714286,
 27178.285714,
 27152.285714,
 26979.857143,
 27004.428571,
 26892.000000,
 26879.571429,
 26941.285714,
 26871.571429,
 27081.142857,
 27081.428571,
 27409.142857,
 27473.714286,
 27691.142857,
 27881.428571,
 28026.428571,
 28370.714286,
 28738.428571,
 29049.714286,
 29519.285714,
 29890.714286,
 30080.142857,
 30420.428571,
 30609.000000,
 30441.857143,
 30445.000000,
 30247.714286,
 30028.142857,
 29647.000000,
 29440.142857,
 28998.000000,
 28868.857143,
 28572.285714,
 28287.428571,
 28300.142857,
 28047.285714,
 27989.000000,
 27958.000000,
 27921.142857,
 27700.285714,
 27179.428571,
 26872.714286,
 26505.285714,
 26265.714286,
 26069.857143,
 25709.571429,
 25313.285714,
 25131.571429,
 24898.857143,
 24683.571429,
 24355.857143,
 24226.571429,
 24167.142857,
 24098.000000,
 24136.571429,
 23943.285714,
 23972.857143,
 23707.428571,
 23646.857143,
 23590.857143,
 23487.428571,
 23391.428571,
 23306.714286,
 23222.571429,
 23157.142857,
 23131.857143,
 22964.428571,
 22978.428571,
 22891.714286,
 22821.857143,
 22751.428571,
 22905.000000,
 22971.571429,
 22954.142857,
 22803.714286,
 23017.428571,
 22916.428571,
 23029.714286,
 22974.428571,
 23062.428571,
 23182.857143,
 23119.571429,
 22937.857143,
 22808.714286,
 22774.571429,
 22689.285714,
 22583.857143,
 22489.571429,
 22119.142857,
 21908.285714,
 21804.000000,
 21555.000000,
 21246.857143,
 20942.000000,
 20781.285714,
 20555.428571,
 20314.857143,
 20172.000000,
 19954.714286,
 19803.285714,
 19460.000000,
 19309.571429,
 19099.285714,
 18953.857143,
 18840.428571,
 18740.000000,
 18419.714286,
 18307.857143,
 18126.714286,
 17984.285714,
 17842.857143,
 17847.142857,
 17713.142857,
 17592.857143,
 17593.571429,
 17472.142857,
 17431.571429,
 17518.714286,
 17418.428571,
 17305.142857,
 17225.142857,
 16981.428571,
 16873.571429,
 16722.714286,
 16565.000000,
 16404.000000,
 16303.285714,
 16111.714286,
 15953.714286,
 15807.857143,
 15718.571429,
 15600.714286,
 15267.714286,
 15292.857143,
 15138.428571,
 15096.428571,
 14940.571429,
 14941.142857,
 14848.000000,
 14774.142857,
 14703.285714,
 14691.428571,
 14611.428571,
 14598.571429,
 14389.142857,
 14340.000000,
 14253.428571,
 14147.142857,
 14031.285714,
 13948.285714,
 13901.000000,
 13915.857143,
 13810.714286,
 13929.142857,
 13852.857143,
 13820.142857,
 13980.428571,
 13866.857143,
 13885.571429,
 13950.571429,
 13867.714286,
 14030.000000,
 13938.857143,
 13848.428571,
 13834.000000,
 13830.857143,
 13718.428571,
 13563.000000,
 13513.571429,
 13384.142857,
 13161.428571,
 12939.857143,
 12930.571429,
 12705.000000,
 12570.857143,
 12366.857143,
 12270.285714,
 11986.428571,
 11790.857143,
 11707.285714,
 11467.285714,
 11250.857143,
 11125.857143,
 10847.428571,
 10778.142857,
 10712.571429,
 10568.714286,
 10460.714286,
 10267.285714,
 10222.000000,
 10077.714286,
 9967.285714,
 9953.142857,
 9894.142857,
 9762.000000,
 9839.142857,
 9724.000000,
 9675.857143,
 9587.714286,
 9500.285714,
 9476.142857,
 9275.142857,
 9165.285714,
 9141.857143,
 9031.857143,
 8926.285714,
 8778.857143,
 8642.285714,
 8532.000000,
 8468.142857,
 8322.285714,
 8274.285714,
 8225.428571,
 8082.714286,
 8079.000000,
 8027.714286,
 7937.142857,
 7899.000000,
 7804.857143,
 7760.000000,
 7687.857143,
 7633.000000,
 7584.714286,
 7608.142857,
 7537.142857,
 7533.285714,
 7325.714286,
 7298.000000,
 7234.857143,
 7174.571429,
 7080.142857,
 6949.142857,
 6891.571429,
 6768.142857,
 6767.428571,
 6666.857143,
 6622.857143,
 6573.285714,
 6552.285714,
 6471.571429,
 6442.428571,
 6462.714286,
 6361.000000,
 6222.571429,
 6182.285714,
 6117.000000,
 6093.714286,
 6006.714286,
 5990.285714,
 6007.000000,
 5944.571429,
 5998.714286,
 5941.142857,
 5945.000000,
 5936.571429,
 5797.000000,
 5705.857143,
 5617.142857,
 5475.142857,
 5401.142857,
 5297.000000,
 5226.000000,
 5202.428571,
 5123.714286,
 5139.857143,
 5074.000000,
 5082.857143,
 5173.000000,
 5105.571429,
 5172.857143,
 5293.428571,
 5191.142857,
 5210.285714,
 5332.571429,
 5268.000000,
 5300.285714,
 5304.285714,
 5427.142857,
 5405.000000,
 5515.000000,
 5578.571429,
 5638.000000,
 5696.000000,
 5734.714286,
 5742.857143,
 5681.142857,
 5704.571429,
 5597.714286,
 5597.285714,
 5492.714286,
 5396.571429,
 5334.714286,
 5264.857143,
 5261.428571,
 5228.142857,
 5206.714286,
 5226.428571,
 5209.857143,
 5202.142857,
 5236.714286,
 5194.857143,
 5282.285714,
 5252.714286,
 5262.857143,
 5298.857143,
 5278.857143,
 5247.285714,
 5212.714286,
 5197.714286,
 5109.571429,
 5216.571429,
 5270.285714,
 5333.000000,
 5335.571429,
 5469.142857,
 5482.428571,
 5471.000000,
 5620.000000,
 5627.714286,
 5717.285714,
 5856.428571,
 5891.000000,
 5902.571429,
 6019.714286,
 6023.285714,
 6103.000000,
 6167.857143,
 6233.428571,
 6245.714286,
 6291.714286,
 6325.285714,
 6365.571429,
 6334.000000,
 6390.428571,
 6414.428571,
 6397.142857,
 6431.571429,
 6319.000000,
 6350.714286,
 6366.142857,
 6353.714286,
 6427.000000,
 6428.571429,
 6469.714286,
 6490.571429,
 6517.428571,
 6664.714286,
 6772.000000,
 6850.571429,
 6905.142857,
 7025.428571,
 7148.571429,
 7270.000000,
 7348.000000,
 7454.714286,
 7523.857143,
 7513.571429,
 7668.428571,
 7674.714286,
 7752.714286,
 7829.428571,
 7837.000000,
 7904.857143,
 7937.285714,
 7987.428571,
 8059.285714,
 8144.571429,
 8048.142857,
 8184.857143,
 8245.571429,
 8321.857143,
 8368.285714,
 8427.571429,
 8420.428571,
 8440.714286,
 8424.714286,
 8511.428571,
 8496.857143,
 8649.714286,
 8539.285714,
 8578.714286,
 8594.142857,
 8665.714286,
 8707.000000,
 8738.857143,
 8705.428571,
 8704.285714,
 8707.714286,
 8791.714286,
 8809.428571,
 8912.857143,
 8988.000000,
 9002.428571,
 8995.571429,
 9090.428571,
 9060.142857,
 9160.000000,
 9164.142857,
 9060.571429,
 9040.571429,
 9031.714286,
 8961.428571,
 8924.857143,
 8937.714286,
 8857.428571,
 8987.285714,
 8863.714286,
 8815.285714,
 8863.714286,
 8874.142857,
 8908.428571,
 8973.285714,
 9001.571429,
 9008.714286,
 9028.285714,
 9120.285714,
 9164.571429,
 9183.000000,
 9204.571429,
 9174.428571,
 9351.428571,
 9225.000000,
 9169.142857,
 9196.428571,
 9148.142857,
 9105.571429,
 8989.285714,
 9005.714286,
 8936.428571,
 8962.857143,
 8975.714286,
 9056.571429,
 8980.428571,
 8949.142857,
 8926.428571,
 8906.428571,
 8943.142857,
 8944.000000,
 8937.428571,
 8926.857143,
 8921.571429,
 8988.571429,
 8932.857143,
 8859.428571,
 8915.428571,
 8899.142857,
 8866.714286,
 8867.428571,
 8859.571429,
 8858.285714,
 8876.142857,
 8818.285714,
 8919.000000,
 8982.857143,
 9056.857143,
 9118.714286,
 9160.285714,
 9224.428571,
 9326.428571,
 9396.571429,
 9493.714286,
 9544.142857,
 9582.571429,
 9767.000000,
 9837.571429,
 9951.142857,
 10043.857143,
 10083.285714,
 10166.285714,
 10284.428571,
 10269.142857,
 10313.142857,
 10377.714286,
 10388.571429,
 10490.285714,
 10456.285714,
 10546.714286,
 10550.714286,
 10560.428571,
 10599.142857,
 10564.142857,
 10629.000000,
 10592.000000,
 10645.285714,
 10699.857143,
 10710.285714,
 10691.571429,
 10837.000000,
 10793.285714,
 10852.142857,
 10944.142857,
 11037.000000,
 11052.857143,
 11227.000000,
 11214.571429,
 11342.714286,
 11338.142857,
 11372.142857,
 11452.285714,
 11466.857143,
 11444.285714,
 11405.428571,
 11400.142857,
 11304.142857,
 11088.714286,
 11094.428571,
 11073.000000,
 11001.000000,
 10958.142857,
 10903.000000,
 10941.714286,
 11013.571429,
 10989.571429,
 11104.714286,
 11105.142857,
 11323.571429,
 11358.571429,
 11348.000000,
 11307.000000,
 11292.000000,
 11309.714286,
 11285.714286,
 11267.714286,
 11204.714286,
 11133.714286,
 11046.571429,
 10930.000000,
 10897.285714,
 10763.000000,
 10749.857143,
 10668.428571,
 10598.142857,
 10536.285714,
 10453.857143,
 10419.000000,
 10359.142857,
 10346.285714,
 10248.142857,
 10162.571429,
 10131.000000,
 10113.571429,
 10013.857143,
 9963.571429,
 9878.571429,
 9776.142857,
 9847.142857,
 9730.142857,
 9728.714286,
 9705.714286,
 9562.571429,
 9663.142857,
 9597.142857,
 9516.714286,
 9610.142857,
 9468.571429,
 9470.142857,
 9444.142857,
 9455.000000,
 9418.571429,
 9422.714286,
 9316.142857,
 9401.714286,
 9331.571429,
 9334.857143,
 9208.142857,
 9244.285714,
 9303.285714,
 9248.285714,
 9142.571429,
 9183.285714,
 9099.000000,
 9092.857143,
 8976.571429,
 8963.000000,
 8961.714286,
 8879.714286,
 8883.000000,
 8804.714286,
 8760.428571,
 8696.285714,
 8754.285714,
 8683.571429,
 8684.428571,
 8593.000000,
 8537.857143,
 8555.142857,
 8595.428571,
 8510.857143,
 8538.857143,
 8554.000000,
 8497.857143,
 8518.714286,
 8511.428571,
 8499.000000,
 8456.571429,
 8420.714286,
 8378.714286,
 8362.428571,
 8359.571429,
 8356.857143,
 8200.571429,
 8116.285714,
 8068.857143,
 8021.857143,
 7942.857143,
 7809.142857,
 7793.000000,
 7729.142857,
 7629.714286,
 7498.285714,
 7438.428571,
 7327.571429,
 7341.428571,
 7228.857143,
 7148.428571,
 7120.142857,
 7027.714286,
 7003.714286,
 6936.142857,
 6922.571429,
 6779.857143,
 6699.714286,
 6661.714286,
 6632.285714,
 6575.571429,
 6505.428571,
 6488.428571,
 6365.285714,
 6357.285714,
 6306.428571,
 6258.142857,
 6223.714286,
 6186.000000,
 6165.714286,
 6140.714286,
 6115.714286,
 6009.000000,
 5987.428571,
 6048.714286,
 5913.428571,
 5867.571429,
 5872.714286,
 5808.571429,
 5757.428571,
 5743.571429,
 5640.857143,
 5551.142857,
 5456.428571,
 5450.285714,
 5359.571429,
 5288.857143,
 5233.571429,
 5195.571429,
 5133.714286,
 5077.428571,
 5051.142857,
 5052.857143,
 5001.857143,
 4907.714286,
 4877.142857,
 4856.857143,
 4796.285714,
 4819.142857,
 4753.285714,
 4693.285714,
 4612.000000,
 4638.142857,
 4564.142857,
 4541.285714,
 4551.285714,
 4462.142857,
 4468.000000,
 4399.428571,
 4364.285714,
 4329.000000,
 4250.428571,
 4204.857143,
 4185.142857,
 4175.571429,
 4127.714286,
 4104.428571,
 4103.000000,
 4036.285714,
 4041.000000,
 3950.142857,
 3936.000000,
 3814.857143,
 3849.285714,
 3853.857143,
 3811.285714,
 3764.000000,
 3739.000000,
 3708.714286,
 3668.285714,
 3629.714286,
 3647.714286,
 3610.571429,
 3624.857143,
 3566.714286,
 3561.142857,
 3533.571429,
 3478.714286,
 3516.000000,
 3441.571429,
 3450.428571,
 3395.571429,
 3388.714286,
 3386.714286,
 3380.571429,
 3350.428571,
 3334.857143,
 3336.857143,
 3316.285714,
 3301.571429,
 3242.714286,
 3231.857143,
 3234.571429,
 3220.285714,
 3201.285714,
 3205.000000,
 3190.571429,
 3190.142857,
 3143.428571,
 3194.142857,
 3156.428571,
 3099.285714,
 3022.428571,
 2978.000000,
 2968.142857,
 2935.571429,
 2962.857143,
 2886.428571,
 2858.285714,
 2838.142857,
 2891.428571,
 2750.285714,
 2760.857143,
 2759.714286,
 2800.571429,
 2725.428571,
 2720.428571,
 2715.714286,
 2746.714286,
 2686.428571,
 2696.571429,
 2730.285714,
 2691.857143,
 2723.714286,
 2603.285714,
 2631.142857,
 2641.000000,
 2613.000000,
 2579.000000,
 2589.285714,
 2549.428571,
 2560.285714,
 2579.428571,
 2521.857143,
 2506.571429,
 2510.142857,
 2526.142857,
 2527.571429,
 2492.857143,
 2503.000000,
 2463.142857,
 2509.000000,
 2481.285714,
 2470.571429,
 2470.142857,
 2451.000000,
 2419.428571,
 2524.000000,
 2388.857143,
 2459.285714,
 2450.000000,
 2396.714286,
 2392.285714,
 2411.714286,
 2433.714286,
 2430.285714,
 2422.714286,
 2454.285714,
 2422.142857,
 2428.285714,
 2448.571429,
 2445.000000,
 2440.571429,
 2477.714286,
 2464.428571,
 2459.857143,
 2450.142857,
 2442.428571,
 2471.857143,
 2468.000000,
 2511.714286,
 2516.571429,
 2484.428571,
 2509.714286,
 2510.285714,
 2523.857143,
 2560.571429,
 2532.428571,
 2559.714286,
 2584.714286,
 2512.857143,
 2616.000000,
 2579.857143,
 2631.571429,
 2618.428571,
 2639.285714,
 2609.571429,
 2651.714286,
 2657.714286,
 2685.571429,
 2747.571429,
 2711.428571,
 2758.857143,
 2750.000000,
 2769.714286,
 2768.142857,
 2771.857143,
 2843.571429,
 2839.857143,
 2855.714286,
 2871.428571,
 2839.428571,
 2911.428571,
 2882.714286,
 2961.285714,
 2935.428571,
 2952.000000,
 2984.714286,
 2988.714286,
 2980.285714,
 3010.285714,
 3033.285714,
 3035.142857,
 3070.142857,
 3097.714286,
 3112.571429,
 3126.714286,
 3093.428571,
 3115.714286,
 3172.000000,
 3173.857143,
 3208.285714,
 3242.285714,
 3220.000000,
 3301.857143,
 3294.571429,
 3344.285714,
 3312.714286,
 3337.428571,
 3410.428571,
 3408.857143,
 3477.571429,
 3476.857143,
 3426.142857,
 3536.714286,
 3507.428571,
 3569.714286,
 3636.428571,
 3596.428571,
 3655.000000,
 3637.571429,
 3642.857143,
 3689.142857,
 3664.714286,
 3748.142857,
 3724.857143,
 3755.714286,
 3852.428571,
 3871.285714,
 3849.857143,
 3884.714286,
 3982.571429,
 3982.000000,
 4020.857143,
 4035.714286,
 4090.571429,
 4122.428571,
 4134.428571,
 4180.285714,
 4129.857143,
 4156.000000,
 4186.857143,
 4190.142857,
 4222.000000,
 4206.571429,
 4166.428571,
 4187.142857,
 4188.714286,
 4176.000000,
 4260.142857,
 4247.142857,
 4344.000000,
 4296.142857,
 4251.714286,
 4321.142857,
 4284.857143,
 4340.142857,
 4389.571429,
 4363.714286,
 4406.285714,
 4393.000000,
 4387.571429,
 4528.000000,
 4472.714286,
 4508.714286,
 4486.142857,
 4491.857143,
 4513.000000,
 4571.571429,
 4594.857143,
 4635.142857,
 4628.571429,
 4673.428571,
 4678.714286,
 4677.000000,
 4758.428571,
 4761.571429,
 4759.142857,
 4756.000000,
 4795.714286,
 4808.428571,
 4860.285714,
 4866.142857,
 4910.285714,
 4906.142857,
 4871.000000,
 4855.571429,
 4928.000000,
 4923.571429,
 4922.142857,
 4915.000000,
 4953.714286,
 4959.142857,
 4937.428571,
 4955.571429,
 4993.714286,
 4979.142857,
 4955.428571,
 4913.857143,
 4931.142857,
 4985.714286,
 5034.000000,
 4954.000000,
 5015.285714,
 5028.000000