1120.000000,
 1096.777778,
 1149.333333,
 1101.444444,
 1141.000000,
 1097.111111,
 1147.000000,
 1124.666667,
 1122.666667,
 1118.111111,
 1133.333333,
 1147.000000,
 1128.000000,
 1105.777778,
 1166.444444,
 1126.666667,
 1147.000000,
 1103.777778,
 1165.777778,
 1141.333333,
 1128.111111,
 1150.111111,
 1156.777778,
 1145.222222,
 1164.333333,
 1167.555556,
 1147.666667,
 1136.555556,
 1149.444444,
 1148.666667,
 1218.111111,
 1120.111111,
 1152.111111,
 1127.555556,
 1154.222222,
 1167.666667,
 1151.777778,
 1164.333333,
 1156.888889,
 1152.111111,
 1158.777778,
 1159.777778,
 1136.888889,
 1114.000000,
 1198.222222,
 1189.666667,
 1143.444444,
 1132.222222,
 1181.000000,
 1165.222222,
 1157.555556,
 1185.555556,
 1161.888889,
 1119.222222,
 1155.777778,
 1154.000000,
 1137.333333,
 1147.222222,
 1160.333333,
 1123.111111,
 1143.555556,
 1149.111111,
 1124.111111,
 1158.111111,
 1180.000000,
 1227.111111,
 1253.444444,
 1076.666667,
 1116.000000,
 1136.777778,
 1117.222222,
 1145.000000,
 1130.333333,
 1103.555556,
 1160.555556,
 1110.222222,
 1189.888889,
 1086.666667,
 1132.888889,
 1120.666667,
 1113.333333,
 1094.555556,
 1097.333333,
 1117.555556,
 1101.111111,
 1090.444444,
 1095.666667,
 1100.666667,
 1153.222222,
 1111.444444,
 1142.555556,
 1120.333333,
 1152.444444,
 1108.666667,
 1084.111111,
 1102.000000,
 1167.444444,
 1096.000000,
 1114.000000,
 1109.333333,
 1101.888889,
 1118.444444,
 1108.111111,
 1112.666667,
 1158.555556,
 1116.111111,
 1104.666667,
 1138.111111,
 1089.555556,
 1112.777778,
 1105.555556,
 1104.333333,
 1115.555556,
 1110.555556,
 1114.666667,
 1123.777778,
 1122.555556,
 1101.666667,
 1090.888889,
 1103.111111,
 1110.333333,
 1106.000000,
 1102.444444,
 1072.111111,
 1129.333333,
 1091.111111,
 1107.777778,
 1114.111111,
 1151.444444,
 1108.111111,
 1189.333333,
 1135.777778,
 1120.000000,
 1133.555556,
 1171.111111,
 1141.777778,
 1154.666667,
 1159.666667,
 1140.111111,
 1159.777778,
 1154.777778,
 1174.222222,
 1165.222222,
 1174.777778,
 1159.888889,
 1162.333333,
 1172.111111,
 1213.888889,
 1178.888889,
 1166.666667,
 1160.222222,
 1171.777778,
 1158.444444,
 1235.333333,
 1171.111111,
 1183.888889,
 1175.222222,
 1165.222222,
 1182.111111,
 1163.333333,
 1187.777778,
 1181.444444,
 1184.555556,
 1173.555556,
 1219.777778,
 1235.666667,
 1261.777778,
 1262.555556,
 1281.444444,
 1281.222222,
 1389.111111,
 1428.666667,
 1463.555556,
 1522.555556,
 1583.888889,
 1676.777778,
 1799.444444,
 1828.888889,
 1979.555556,
 2099.555556,
 2273.222222,
 2380.222222,
 2543.111111,
 2652.111111,
 2875.777778,
 3022.555556,
 3264.000000,
 3444.111111,
 3649.444444,
 3800.000000,
 4032.333333,
 4238.888889,
 4478.666667,
 4705.111111,
 4894.666667,
 5110.666667,
 5433.333333,
 5546.444444,
 5828.333333,
 6120.444444,
 6322.000000,
 6632.444444,
 6896.222222,
 7153.666667,
 7385.222222,
 7638.111111,
 8041.666667,
 8233.333333,
 8480.444444,
 8715.333333,
 8865.888889,
 9066.111111,
 9307.666667,
 9528.888889,
 9846.111111,
 10068.888889,
 10495.444444,
 10899.000000,
 11371.000000,
 11884.111111,
 12442.888889,
 12933.888889,
 13393.666667,
 13989.555556,
 14531.666667,
 14870.444444,
 15295.111111,
 15713.333333,
 16291.000000,
 17000.666667,
 17976.666667,
 18891.555556,
 19929.111111,
 21094.888889,
 21979.555556,
 23376.444444,
 24412.333333,
 25577.111111,
 26430.000000,
 26564.333333,
 26528.000000,
 25877.000000,
 25004.444444,
 24134.777778,
 23183.888889,
 22549.666667,
 22054.111111,
 21630.888889,
 21261.000000,
 21280.444444,
 21217.555556,
 21170.111111,
 21041.000000,
 20668.222222,
 20401.666667,
 19617.888889,
 19136.333333,
 18569.888889,
 18107.333333,
 17966.777778,
 17688.333333,
 17438.111111,
 17504.555556,
 17526.888889,
 17514.222222,
 17776.000000,
 17923.000000,
 18234.666667,
 18420.333333,
 18385.333333,
 18430.333333,
 18377.111111,
 18257.666667,
 18139.444444,
 18092.888889,
 17969.000000,
 17967.222222,
 17993.444444,
 18060.222222,
 18319.444444,
 18637.111111,
 19043.666667,
 19147.000000,
 19079.333333,
 18850.555556,
 18522.666667,
 18175.777778,
 17990.444444,
 17848.444444,
 17835.444444,
 18123.333333,
 18306.888889,
 18403.777778,
 18389.333333,
 18384.888889,
 18201.444444,
 18155.888889,
 18138.111111,
 18115.000000,
 18149.555556,
 18137.555556,
 18255.444444,
 18290.222222,
 18510.444444,
 18669.444444,
 18891.444444,
 19292.777778,
 19604.666667,
 19899.444444,
 20308.888889,
 20866.555556,
 21311.333333,
 22034.111111,
 22537.444444,
 22992.000000,
 23639.666667,
 24206.777778,
 24876.888889,
 25602.666667,
 26015.777778,
 26586.555556,
 26718.888889,
 26608.888889,
 26556.777778,
 25964.333333,
 25217.444444,
 24767.444444,
 24019.111111,
 23363.777778,
 22806.444444,
 22422.555556,
 21951.555556,
 21795.777778,
 21588.000000,
 21392.222222,
 21469.222222,
 21569.666667,
 21682.111111,
 21856.111111,
 22161.666667,
 22555.333333,
 22922.666667,
 23441.333333,
 24146.555556,
 25061.000000,
 25865.000000,
 26931.555556,
 28253.555556,
 29303.888889,
 30048.666667,
 30107.333333,
 29737.555556,
 28625.777778,
 27607.444444,
 26757.000000,
 25976.222222,
 25119.000000,
 24547.111111,
 23988.222222,
 23426.000000,
 22894.555556,
 22291.222222,
 21604.666667,
 21012.000000,
 20352.444444,
 19874.444444,
 19488.000000,
 19072.888889,
 18648.222222,
 18247.111111,
 18057.444444,
 17862.333333,
 17723.444444,
 17678.666667,
 17640.555556,
 17580.666667,
 17561.111111,
 17690.555556,
 17964.111111,
 18170.888889,
 18406.555556,
 18545.777778,
 18473.333333,
 18212.222222,
 17661.444444,
 17334.888889,
 16895.333333,
 16598.111111,
 16370.111111,
 16053.666667,
 15913.888889,
 15688.333333,
 15520.888889,
 15372.000000,
 15306.666667,
 15363.555556,
 15329.444444,
 15354.000000,
 15310.111111,
 15268.333333,
 15385.555556,
 15551.666667,
 15630.333333,
 15671.555556,
 15935.222222,
 16006.444444,
 16113.111111,
 16364.777778,
 16588.555556,
 16798.111111,
 17042.000000,
 17390.222222,
 17948.111111,
 18335.000000,
 18684.888889,
 18803.111111,
 18917.333333,
 19120.555556,
 19292.666667,
 19746.111111,
 20268.222222,
 20797.888889,
 21385.444444,
 21956.777778,
 22551.666667,
 22914.555556,
 23568.777778,
 24358.666667,
 25175.000000,
 25924.555556,
 26571.111111,
 26669.555556,
 26408.666667,
 25600.222222,
 24638.777778,
 23874.888889,
 23108.555556,
 22326.000000,
 21702.222222,
 20967.555556,
 20361.222222,
 19895.333333,
 19516.666667,
 19232.444444,
 18950.111111,
 18829.111111,
 18675.888889,
 18561.222222,
 18394.777778,
 18243.111111,
 18100.111111,
 17839.888889,
 17699.000000,
 17584.888889,
 17251.777778,
 17194.555556,
 16970.222222,
 16738.555556,
 16660.666667,
 16694.222222,
 16501.888889,
 16632.222222,
 16514.222222,
 16704.555556,
 16577.888889,
 16704.444444,
 16869.777778,
 17143.888889,
 17439.555556,
 17875.888889,
 18120.000000,
 18424.000000,
 18623.666667,
 18650.555556,
 18405.555556,
 18287.555556,
 18123.555556,
 17921.888889,
 17657.444444,
 17788.222222,
 17775.777778,
 17694.333333,
 17835.222222,
 17816.555556,
 17759.666667,
 17739.888889,
 17753.111111,
 17858.333333,
 17870.666667,
 17722.111111,
 17763.666667,
 17834.222222,
 17823.333333,
 17676.333333,
 17831.444444,
 17872.444444,
 18181.888889,
 18436.444444,
 18869.555556,
 19668.000000,
 20408.000000,
 21459.666667,
 22265.333333,
 22680.111111,
 22578.444444,
 22154.000000,
 21373.000000,
 20757.444444,
 20403.333333,
 19837.666667,
 19565.333333,
 19344.666667,
 19140.555556,
 18955.000000,
 18685.333333,
 18536.777778,
 18330.444444,
 18180.333333,
 18090.111111,
 17929.777778,
 17840.111111,
 17767.777778,
 17656.333333,
 17446.666667,
 17537.222222,
 17436.222222,
 17624.888889,
 17789.666667,
 18079.000000,
 18292.222222,
 18557.222222,
 18861.222222,
 19076.888889,
 19017.000000,
 19274.333333,
 19519.555556,
 19812.333333,
 19818.111111,
 20031.777778,
 20032.666667,
 20099.444444,
 20229.888889,
 20190.777778,
 20093.111111,
 20218.888889,
 20150.888889,
 20312.444444,
 20168.444444,
 20427.888889,
 20345.666667,
 20533.777778,
 20689.444444,
 20855.444444,
 21054.111111,
 21303.000000,
 21507.888889,
 21654.111111,
 21884.777778,
 22182.777778,
 22468.555556,
 22748.111111,
 23062.222222,
 23471.666667,
 23771.111111,
 24289.111111,
 24676.888889,
 25073.777778,
 25582.888889,
 25965.444444,
 26379.444444,
 26766.000000,
 27467.555556,
 28034.333333,
 28268.555556,
 28324.111111,
 28063.777778,
 27662.333333,
 27250.777778,
 27296.333333,
 27035.222222,
 26828.333333,
 27017.444444,
 27174.555556,
 27376.000000,
 27669.666667,
 28094.000000,
 28395.222222,
 28552.888889,
 28532.555556,
 28488.111111,
 28390.444444,
 28496.000000,
 28740.555556,
 29012.000000,
 29421.888889,
 29757.777778,
 30101.777778,
 30118.888889,
 30111.000000,
 30258.777778,
 30227.111111,
 30427.222222,
 30431.222222,
 30098.111111,
 29809.888889,
 29484.000000,
 29299.222222,
 28810.000000,
 28566.444444,
 28478.444444,
 28527.333333,
 28251.222222,
 28331.222222,
 28265.777778,
 28305.444444,
 28429.000000,
 28556.888889,
 28650.000000,
 28742.111111,
 29048.666667,
 29287.111111,
 29659.333333,
 30298.111111,
 30788.333333,
 31281.666667,
 31370.888889,
 31362.111111,
 31284.888889,
 31186.111111,
 30823.777778,
 30560.333333,
 30360.222222,
 30207.222222,
 30167.333333,
 30201.555556,
 30217.888889,
 29947.444444,
 29741.888889,
 29696.333333,
 29474.000000,
 29546.333333,
 29471.444444,
 29532.555556,
 29639.777778,
 29915.555556,
 30067.333333,
 30382.000000,
 30590.666667,
 31136.111111,
 31326.000000,
 31584.444444,
 32180.444444,
 32514.222222,
 32518.000000,
 32747.555556,
 32716.888889,
 32573.666667,
 32574.111111,
 32552.666667,
 32586.444444,
 32833.222222,
 32718.888889,
 32964.555556,
 33102.777778,
 33444.000000,
 33818.666667,
 33797.777778,
 33945.111111,
 33879.888889,
 33935.666667,
 33728.666667,
 33390.777778,
 33201.666667,
 32934.444444,
 32603.888889,
 32435.222222,
 31965.000000,
 31506.777778,
 31108.000000,
 30735.111111,
 30514.555556,
 30218.222222,
 30019.000000,
 29546.555556,
 29445.777778,
 29221.444444,
 29045.444444,
 28736.888889,
 28650.666667,
 28495.222222,
 28277.333333,
 28146.666667,
 28107.000000,
 27839.000000,
 27732.555556,
 27687.444444,
 27693.444444,
 27676.333333,
 27710.888889,
 27774.555556,
 27685.555556,
 27608.444444,
 27619.000000,
 27468.333333,
 27235.333333,
 27001.000000,
 26727.666667,
 26387.222222,
 26252.777778,
 26035.444444,
 25922.222222,
 25822.777778,
 25739.444444,
 25705.888889,
 25896.333333,
 25505.777778,
 25449.333333,
 25413.444444,
 25364.333333,
 25312.777778,
 25316.444444,
 25237.444444,
 25363.111111,
 25328.555556,
 25439.444444,
 25651.555556,
 25708.777778,
 25887.666667,
 26130.555556,
 26148.888889,
 26063.222222,
 26064.777778,
 26056.666667,
 26210.333333,
 26130.111111,
 26220.666667,
 26396.555556,
 26670.666667,
 26828.666667,
 27202.111111,
 27447.111111,
 27713.777778,
 28135.111111,
 28285.000000,
 28461.777778,
 28830.888889,
 28709.666667,
 28705.222222,
 28574.111111,
 28634.777778,
 28641.111111,
 28376.444444,
 28616.111111,
 28525.222222,
 28490.333333,
 28494.333333,
 28312.555556,
 28248.555556,
 28297.444444,
 28253.555556,
 28433.666667,
 28428.333333,
 28444.555556,
 28594.555556,
 28517.111111,
 28602.000000,
 28331.000000,
 28434.333333,
 28267.444444,
 28272.888889,
 28190.888889,
 27961.444444,
 27902.666667,
 28067.555556,
 28123.222222,
 28202.666667,
 28372.666667,
 28405.444444,
 28863.222222,
 29113.888889,
 29547.000000,
 30004.444444,
 30480.333333,
 31005.000000,
 31710.444444,
 31960.333333,
 32183.333333,
 31865.333333,
 31634.777778,
 31133.777778,
 30600.222222,
 30177.555556,
 29939.777778,
 29563.888889,
 29208.555556,
 28985.666667,
 28677.000000,
 28463.888889,
 28437.888889,
 28411.222222,
 28356.888889,
 28128.888889,
 28249.444444,
 28148.222222,
 27962.777778,
 27934.333333,
 27860.333333,
 27873.000000,
 27868.000000,
 27917.222222,
 28257.666667,
 28371.222222,
 28561.888889,
 28643.333333,
 28673.000000,
 28807.333333,
 28710.444444,
 28522.000000,
 28454.333333,
 28094.333333,
 28026.111111,
 27595.222222,
 27467.777778,
 27084.000000,
 27013.222222,
 26868.555556,
 26747.333333,
 26752.333333,
 26536.666667,
 26537.000000,
 26511.555556,
 26415.666667,
 26503.666667,
 26648.666667,
 26574.333333,
 26748.666667,
 26989.666667,
 27040.000000,
 27359.000000,
 27672.666667,
 27765.333333,
 28112.000000,
 28381.111111,
 28797.888889,
 29246.000000,
 29763.555556,
 29855.666667,
 30094.666667,
 30355.222222,
 30145.888889,
 30073.555556,
 29867.555556,
 29600.888889,
 29226.222222,
 28964.555556,
 28568.777778,
 28441.222222,
 28138.000000,
 27898.444444,
 27891.777778,
 27754.222222,
 27682.000000,
 27615.000000,
 27371.777778,
 27207.888889,
 26701.777778,
 26394.333333,
 26116.111111,
 25925.888889,
 25574.555556,
 25351.777778,
 24919.666667,
 24603.222222,
 24447.555556,
 24244.666667,
 24110.111111,
 23937.333333,
 23854.222222,
 23742.888889,
 23772.000000,
 23644.000000,
 23728.666667,
 23433.888889,
 23378.111111,
 23228.888889,
 23116.333333,
 23160.222222,
 23074.444444,
 22999.111111,
 22904.555556,
 22934.666667,
 22750.777778,
 22760.666667,
 22699.000000,
 22623.222222,
 22605.888889,
 22651.777778,
 22797.888889,
 22792.111111,
 22737.222222,
 22872.888889,
 22771.222222,
 22904.333333,
 22881.444444,
 22858.666667,
 22949.555556,
 22947.444444,
 22782.333333,
 22710.222222,
 22728.111111,
 22482.222222,
 22440.444444,
 22338.777778,
 21958.888889,
 21862.888889,
 21630.666667,
 21434.333333,
 21090.222222,
 20842.666667,
 20736.333333,
 20325.000000,
 20148.222222,
 20057.333333,
 19815.666667,
 19683.666667,
 19472.000000,
 19160.444444,
 18925.333333,
 18766.777778,
 18714.444444,
 18527.888889,
 18364.777778,
 18208.000000,
 18068.333333,
 17955.222222,
 17874.555556,
 17811.444444,
 17650.888889,
 17570.444444,
 17609.888889,
 17489.000000,
 17448.333333,
 17492.222222,
 17398.555556,
 17268.222222,
 17095.222222,
 16870.666667,
 16941.666667,
 16804.000000,
 16597.111111,
 16469.111111,
 16239.888889,
 16142.444444,
 15963.222222,
 15782.777778,
 15717.666667,
 15524.333333,
 15344.222222,
 15449.444444,
 15216.444444,
 15130.222222,
 15091.888889,
 14967.777778,
 14922.444444,
 14894.000000,
 14754.333333,
 14765.111111,
 14729.333333,
 14660.000000,
 14465.555556,
 14444.222222,
 14302.555556,
 14247.555556,
 14162.888889,
 14090.555556,
 14053.333333,
 14001.444444,
 14040.222222,
 13965.000000,
 14083.111111,
 14057.222222,
 14052.222222,
 14117.666667,
 14217.222222,
 14278.111111,
 14178.777778,
 14283.111111,
 14159.333333,
 14197.888889,
 14196.555556,
 14087.111111,
 14029.000000,
 13858.333333,
 13805.555556,
 13674.111111,
 13465.888889,
 13331.000000,
 13271.888889,
 12990.888889,
 12849.555556,
 12684.444444,
 12517.555556,
 12342.000000,
 12070.000000,
 11934.444444,
 11741.000000,
 11600.000000,
 11435.666667,
 11281.111111,
 11128.444444,
 11021.666667,
 10953.111111,
 10844.777778,
 10664.333333,
 10603.888889,
 10532.333333,
 10434.111111,
 10357.222222,
 10347.111111,
 10236.555556,
 10159.777778,
 10119.555556,
 10084.222222,
 10034.777778,
 9932.555556,
 9839.888889,
 9735.000000,
 9645.333333,
 9607.888889,
 9542.000000,
 9390.222222,
 9277.222222,
 9231.222222,
 9084.555556,
 8970.666667,
 8864.777778,
 8806.666667,
 8747.888889,
 8652.333333,
 8613.666667,
 8639.111111,
 8507.888889,
 8482.444444,
 8446.111111,
 8331.777778,
 8309.777778,
 8296.888889,
 8270.222222,
 8233.222222,
 8150.000000,
 8176.333333,
 8064.444444,
 7946.777778,
 7946.111111,
 7819.777778,
 7647.333333,
 7609.333333,
 7560.777778,
 7461.111111,
 7419.333333,
 7387.000000,
 7327.333333,
 7288.222222,
 7221.888889,
 7234.222222,
 7125.111111,
 7130.888889,
 7092.333333,
 6952.888889,
 6882.555556,
 6837.555556,
 6784.333333,
 6758.000000,
 6749.333333,
 6752.000000,
 6716.333333,
 6751.888889,
 6710.888889,
 6740.000000,
 6670.000000,
 6556.111111,
 6398.555556,
 6353.666667,
 6132.555556,
 6039.444444,
 5923.666667,
 5865.888889,
 5784.555556,
 5691.555556,
 5714.666667,
 5693.666667,
 5669.555556,
 5689.111111,
 5667.111111,
 5688.000000,
 5824.333333,
 5770.888889,
 5741.111111,
 5841.777778,
 5738.333333,
 5792.444444,
 5840.666667,
 5898.666667,
 5862.888889,
 6036.666667,
 6067.888889,
 6096.111111,
 6157.222222,
 6160.333333,
 6129.222222,
 6044.222222,
 5988.666667,
 5898.555556,
 5792.333333,
 5734.777778,
 5633.555556,
 5554.555556,
 5468.666667,
 5432.111111,
 5386.111111,
 5379.555556,
 5338.000000,
 5317.888889,
 5311.222222,
 5324.666667,
 5326.555556,
 5332.777778,
 5295.555556,
 5324.444444,
 5301.333333,
 5297.222222,
 5274.555556,
 5215.777778,
 5232.222222,
 5136.555556,
 5199.555556,
 5240.444444,
 5283.555556,
 5307.000000,
 5393.111111,
 5428.888889,
 5428.333333,
 5505.000000,
 5520.666667,
 5578.555556,
 5693.777778,
 5773.888889,
 5733.888889,
 5866.777778,
 5867.000000,
 5956.000000,
 5974.222222,
 6043.111111,
 6048.444444,
 6111.888889,
 6122.000000,
 6162.555556,
 6171.444444,
 6184.333333,
 6218.000000,
 6227.111111,
 6209.888889,
 6232.111111,
 6201.444444,
 6211.111111,
 6219.666667,
 6237.888889,
 6222.888889,
 6267.555556,
 6265.444444,
 6328.222222,
 6461.222222,
 6512.888889,
 6589.333333,
 6670.000000,
 6764.333333,
 6878.222222,
 6971.000000,
 7086.000000,
 7115.000000,
 7184.888889,
 7270.888889,
 7367.555556,
 7341.222222,
 7392.000000,
 7476.000000,
 7504.666667,
 7579.666667,
 7619.888889,
 7694.111111,
 7706.222222,
 7766.111111,
 7761.888889,
 7849.333333,
 7918.888889,
 7987.222222,
 8030.000000,
 8120.000000,
 8143.222222,
 8136.666667,
 8182.444444,
 8136.000000,
 8232.888889,
 8301.888889,
 8260.444444,
 8320.000000,
 8300.777778,
 8384.555556,
 8415.777778,
 8433.555556,
 8422.000000,
 8437.111111,
 8464.444444,
 8513.888889,
 8519.222222,
 8580.555556,
 8621.333333,
 8727.888889,
 8737.666667,
 8761.666667,
 8804.333333,
 8863.000000,
 8789.444444,
 8736.000000,
 8694.333333,
 8616.222222,
 8627.888889,
 8580.111111,
 8582.333333,
 8522.222222,
 8593.666667,
 8558.444444,
 8560.222222,
 8560.111111,
 8583.222222,
 8602.222222,
 8683.555556,
 8676.666667,
 8697.777778,
 8730.777778,
 8829.666667,
 8816.444444,
 8872.333333,
 8879.888889,
 8918.111111,
 8978.000000,
 8954.111111,
 8963.111111,
 8895.555556,
 8844.777778,
 8825.333333,
 8828.000000,
 8783.000000,
 8758.666667,
 8717.000000,
 8691.444444,
 8845.555556,
 8751.222222,
 8700.222222,
 8729.111111,
 8728.555556,
 8724.666667,
 8690.666667,
 8667.888889,
 8714.333333,
 8731.666667,
 8775.111111,
 8668.222222,
 8644.555556,
 8667.555556,
 8721.222222,
 8654.555556,
 8629.666667,
 8623.000000,
 8634.333333,
 8686.333333,
 8640.222222,
 8710.777778,
 8828.333333,
 8887.888889,
 8892.888889,
 8954.111111,
 9036.111111,
 9058.777778,
 9198.111111,
 9229.000000,
 9286.222222,
 9401.333333,
 9515.777778,
 9629.111111,
 9682.777778,
 9727.000000,
 9898.222222,
 9931.888889,
 10000.000000,
 10012.555556,
 10073.000000,
 10183.222222,
 10163.333333,
 10237.222222,
 10226.555556,
 10318.444444,
 10264.222222,
 10333.666667,
 10361.222222,
 10315.555556,
 10409.666667,
 10373.222222,
 10491.111111,
 10486.888889,
 10468.444444,
 10528.555556,
 10565.111111,
 10614.222222,
 10693.000000,
 10759.444444,
 10780.000000,
 10857.777778,
 11008.111111,
 11055.555556,
 11174.000000,
 11226.777778,
 11243.888889,
 11231.000000,
 11346.888889,
 11322.333333,
 11226.000000,
 11163.000000,
 11023.222222,
 10921.444444,
 10875.444444,
 10880.666667,
 10788.888889,
 10758.000000,
 10705.222222,
 10770.333333,
 10831.222222,
 10856.000000,
 10909.444444,
 10982.444444,
 11106.555556,
 11151.888889,
 11129.000000,
 11150.555556,
 11151.333333,
 11174.000000,
 11079.333333,
 11075.888889,
 10974.444444,
 10965.333333,
 10847.222222,
 10729.777778,
 10661.222222,
 10615.777778,
 10528.222222,
 10465.777778,
 10472.222222,
 10312.000000,
 10339.111111,
 10212.666667,
 10199.222222,
 10234.000000,
 10114.666667,
 10029.666667,
 9946.222222,
 9896.111111,
 9916.222222,
 9845.555556,
 9708.222222,
 9752.000000,
 9702.333333,
 9610.111111,
 9592.777778,
 9566.333333,
 9506.888889,
 9530.000000,
 9471.222222,
 9502.444444,
 9493.888889,
 9393.000000,
 9369.222222,
 9374.111111,
 9318.666667,
 9310.777778,
 9282.777778,
 9295.444444,
 9371.444444,
 9217.777778,
 9335.555556,
 9175.000000,
 9221.333333,
 9184.111111,
 9166.222222,
 9122.444444,
 9069.555556,
 9025.444444,
 9039.333333,
 8939.111111,
 8939.222222,
 8937.888889,
 8867.555556,
 8862.777778,
 8779.555556,
 8716.555556,
 8670.000000,
 8706.555556,
 8644.333333,
 8690.444444,
 8614.333333,
 8575.777778,
 8529.555556,
 8511.666667,
 8534.777778,
 8530.444444,
 8536.888889,
 8443.666667,
 8538.666667,
 8565.777778,
 8543.888889,
 8497.666667,
 8431.222222,
 8422.000000,
 8380.111111,
 8300.555556,
 8360.000000,
 8191.333333,
 8105.777778,
 8075.333333,
 8064.555556,
 7948.555556,
 7862.777778,
 7835.777778,
 7705.444444,
 7663.888889,
 7567.333333,
 7535.444444,
 7399.777778,
 7387.666667,
 7319.222222,
 7191.000000,
 7206.111111,
 7098.444444,
 7043.777778,
 7018.444444,
 6950.333333,
 6843.444444,
 6793.666667,
 6726.666667,
 6652.444444,
 6664.333333,
 6592.888889,
 6594.888889,
 6476.888889,
 6439.333333,
 6405.444444,
 6371.444444,
 6304.555556,
 6283.444444,
 6302.444444,
 6254.666667,
 6233.444444,
 6131.333333,
 6135.000000,
 6129.555556,
 6045.777778,
 5975.777778,
 5996.444444,
 5926.888889,
 5862.444444,
 5828.666667,
 5769.555556,
 5629.888889,
 5579.666667,
 5531.000000,
 5504.000000,
 5449.000000,
 5377.111111,
 5342.666667,
 5288.222222,
 5250.777778,
 5230.000000,
 5165.333333,
 5084.333333,
 5053.888889,
 5050.000000,
 5003.111111,
 4975.444444,
 4992.888889,
 4890.111111,
 4817.666667,
 4751.444444,
 4818.555556,
 4727.666667,
 4718.888889,
 4688.888889,
 4596.666667,
 4590.666667,
 4537.444444,
 4517.777778,
 4501.222222,
 4432.000000,
 4450.444444,
 4381.444444,
 4342.111111,
 4255.222222,
 4296.444444,
 4265.222222,
 4267.777778,
 4222.555556,
 4152.333333,
 4082.444444,
 4049.444444,
 4036.888889,
 4017.444444,
 4042.333333,
 3944.888889,
 3944.000000,
 3935.555556,
 3895.444444,
 3823.111111,
 3826.333333,
 3815.555556,
 3783.111111,
 3788.555556,
 3802.555556,
 3738.000000,
 3685.555556,
 3715.777778,
 3641.444444,
 3644.888889,
 3600.000000,
 3633.666667,
 3561.000000,
 3565.222222,
 3543.333333,
 3544.222222,
 3585.666667,
 3508.777778,
 3482.666667,
 3441.555556,
 3442.888889,
 3411.222222,
 3415.111111,
 3431.777778,
 3416.777778,
 3384.111111,
 3420.666667,
 3355.222222,
 3408.222222,
 3361.555556,
 3317.777778,
 3227.888889,
 3233.000000,
 3211.222222,
 3159.111111,
 3218.888889,
 3113.111111,
 3073.555556,
 3049.666667,
 3056.666667,
 2996.333333,
 2953.555556,
 2966.000000,
 3001.555556,
 2930.555556,
 2934.333333,
 2944.111111,
 2921.555556,
 2879.000000,
 2913.888889,
 2913.777778,
 2896.777778,
 2921.777778,
 2822.222222,
 2831.111111,
 2832.666667,
 2811.111111,
 2772.888889,
 2749.777778,
 2735.222222,
 2728.444444,
 2741.222222,
 2685.777778,
 2703.777778,
 2668.777778,
 2677.777778,
 2677.555556,
 2654.000000,
 2627.333333,
 2637.111111,
 2633.666667,
 2622.111111,
 2629.000000,
 2598.333333,
 2575.111111,
 2567.444444,
 2657.333333,
 2507.666667,
 2591.888889,
 2548.555556,
 2524.555556,
 2528.666667,
 2559.666667,
 2528.000000,
 2544.222222,
 2541.222222,
 2570.333333,
 2534.111111,
 2555.000000,
 2559.333333,
 2557.000000,
 2525.888889,
 2531.111111,
 2568.444444,
 2606.444444,
 2540.555556,
 2536.888889,
 2522.333333,
 2532.000000,
 2582.000000,
 2616.555556,
 2563.333333,
 2590.777778,
 2600.666667,
 2615.666667,
 2622.222222,
 2615.000000,
 2619.000000,
 2669.111111,
 2598.000000,
 2637.888889,
 2642.888889,
 2696.555556,
 2654.333333,
 2688.555556,
 2688.000000,
 2723.111111,
 2708.000000,
 2723.444444,
 2775.777778,
 2761.333333,
 2809.222222,
 2808.777778,
 2799.888889,
 2800.444444,
 2794.888889,
 2898.444444,
 2864.222222,
 2862.666667,
 2861.444444,
 2883.444444,
 2931.555556,
 2933.000000,
 2975.666667,
 2933.777778,
 2951.888889,
 2983.111111,
 3000.000000,
 3005.111111,
 3039.777778,
 3048.888889,
 3029.444444,
 3074.111111,
 3103.000000,
 3106.000000,
 3141.777778,
 3094.888889,
 3138.666667,
 3168.222222,
 3177.444444,
 3199.000000,
 3218.444444,
 3244.222222,
 3331.444444,
 3297.222222,
 3293.888889,
 3302.555556,
 3367.666667,
 3356.666667,
 3421.222222,
 3423.555556,
 3456.333333,
 3414.333333,
 3504.888889,
 3492.888889,
 3527.333333,
 3580.444444,
 3574.222222,
 3596.444444,
 3611.888889,
 3624.333333,
 3634.888889,
 3632.888889,
 3725.000000,
 3689.111111,
 3718.111111,
 3748.000000,
 3808.444444,
 3816.555556,
 3817.222222,
 3905.777778,
 3913.222222,
 3989.333333,
 3984.888889,
 4038.333333,
 4061.222222,
 4061.555556,
 4105.555556,
 4081.888889,
 4086.777778,
 4103.666667,
 4150.888889,
 4115.777778,
 4114.555556,
 4067.333333,
 4163.000000,
 4161.888889,
 4099.777778,
 4192.666667,
 4191.888889,
 4257.000000,
 4203.777778,
 4195.666667,
 4224.333333,
 4211.777778,
 4267.888889,
 4294.111111,
 4325.111111,
 4348.111111,
 4294.000000,
 4303.000000,
 4408.000000,
 4407.333333,
 4395.111111,
 4388.000000,
 4395.666667,
 4438.333333,
 4456.888889,
 4508.333333,
 4521.222222,
 4566.444444,
 4600.111111,
 4604.000000,
 4581.888889,
 4689.666667,
 4622.333333,
 4661.666667,
 4680.111111,
 4714.777778,
 4711.000000,
 4740.333333,
 4777.777778,
 4824.222222,
 4760.444444,
 4787.444444,
 4808.888889,
 4803.888889,
 4803.333333,
 4806.888889,
 4802.111111,
 4796.555556,
 4846.333333,
 4873.444444,
 4831.444444,
 4889.555556,
 4831.555556,
 4855.000000,
 4831.333333,
 4825.666667,
 4863.222222,
 4914.333333,
 4853.444444,
 4897.666667,
 4932.222222