1117.777778,
 1089.333333,
 1133.444444,
 1100.111111,
 1132.000000,
 1105.555556,
 1142.666667,
 1109.666667,
 1113.333333,
 1138.111111,
 1127.555556,
 1144.555556,
 1143.777778,
 1102.444444,
 1162.666667,
 1127.555556,
 1145.222222,
 1125.444444,
 1177.000000,
 1149.555556,
 1138.111111,
 1146.444444,
 1168.333333,
 1151.888889,
 1190.333333,
 1195.111111,
 1153.222222,
 1152.444444,
 1169.777778,
 1160.444444,
 1234.555556,
 1143.777778,
 1170.000000,
 1148.888889,
 1156.000000,
 1178.333333,
 1191.333333,
 1191.000000,
 1184.000000,
 1185.111111,
 1184.222222,
 1190.000000,
 1146.111111,
 1136.000000,
 1211.555556,
 1189.444444,
 1171.555556,
 1144.666667,
 1205.222222,
 1178.444444,
 1157.000000,
 1194.888889,
 1166.444444,
 1123.666667,
 1159.444444,
 1152.444444,
 1145.222222,
 1161.555556,
 1150.333333,
 1130.000000,
 1154.000000,
 1153.222222,
 1148.666667,
 1168.777778,
 1178.000000,
 1233.000000,
 1254.777778,
 1096.333333,
 1130.333333,
 1162.555556,
 1144.777778,
 1161.888889,
 1151.777778,
 1126.000000,
 1195.666667,
 1146.555556,
 1220.222222,
 1122.555556,
 1180.555556,
 1158.222222,
 1150.000000,
 1126.222222,
 1142.555556,
 1165.666667,
 1130.111111,
 1136.000000,
 1146.444444,
 1145.777778,
 1210.111111,
 1172.000000,
 1199.000000,
 1187.000000,
 1213.666667,
 1190.111111,
 1176.000000,
 1171.777778,
 1256.111111,
 1201.333333,
 1221.444444,
 1214.555556,
 1209.222222,
 1226.777778,
 1219.333333,
 1231.111111,
 1272.444444,
 1222.000000,
 1198.000000,
 1249.555556,
 1188.888889,
 1201.111111,
 1201.555556,
 1194.555556,
 1229.333333,
 1185.888889,
 1210.888889,
 1212.777778,
 1227.111111,
 1206.222222,
 1189.222222,
 1207.888889,
 1222.444444,
 1209.000000,
 1229.777778,
 1205.666667,
 1244.222222,
 1226.444444,
 1256.666667,
 1266.555556,
 1321.888889,
 1289.666667,
 1393.444444,
 1369.222222,
 1368.333333,
 1386.666667,
 1445.666667,
 1433.555556,
 1475.111111,
 1492.444444,
 1508.000000,
 1539.222222,
 1549.666667,
 1578.666667,
 1591.444444,
 1638.555556,
 1668.666667,
 1671.555556,
 1702.000000,
 1735.888889,
 1670.222222,
 1664.666667,
 1658.888889,
 1648.666667,
 1641.444444,
 1688.111111,
 1618.777778,
 1634.222222,
 1688.333333,
 1673.111111,
 1691.444444,
 1683.555556,
 1742.333333,
 1756.222222,
 1758.222222,
 1801.666667,
 1923.222222,
 1975.888889,
 2106.333333,
 2184.666667,
 2309.333333,
 2433.333333,
 2670.111111,
 2842.111111,
 2927.111111,
 3105.000000,
 3156.222222,
 3318.222222,
 3508.444444,
 3635.111111,
 3796.555556,
 4082.000000,
 4294.444444,
 4474.888889,
 4688.888889,
 4854.444444,
 5107.666667,
 5211.000000,
 5470.222222,
 5651.111111,
 5868.777778,
 6099.555556,
 6190.666667,
 6414.666667,
 6633.777778,
 6818.666667,
 7053.222222,
 7217.666667,
 7531.555556,
 7602.555556,
 7854.444444,
 8066.555556,
 8241.777778,
 8510.111111,
 8739.444444,
 9069.555556,
 9205.666667,
 9484.111111,
 9783.555556,
 10034.666667,
 10181.666667,
 10370.444444,
 10489.444444,
 10677.888889,
 10824.333333,
 10960.888889,
 11246.111111,
 11570.777778,
 11973.333333,
 12369.333333,
 12714.333333,
 13246.555556,
 13804.000000,
 14298.222222,
 14763.555556,
 15306.222222,
 15927.222222,
 16224.555556,
 16566.555556,
 17009.888889,
 17605.666667,
 18408.222222,
 19279.666667,
 20227.444444,
 21219.333333,
 22404.111111,
 23508.222222,
 24800.444444,
 25877.444444,
 26881.000000,
 27767.666667,
 27916.888889,
 27795.666667,
 27061.111111,
 26152.333333,
 25112.888889,
 24286.000000,
 23457.444444,
 22848.666667,
 22490.222222,
 22118.888889,
 22003.444444,
 21959.666667,
 21773.555556,
 21735.888889,
 21428.111111,
 20965.000000,
 20105.000000,
 19656.888889,
 19089.222222,
 18554.111111,
 18346.444444,
 18174.666667,
 17873.111111,
 17832.555556,
 17831.777778,
 17874.000000,
 18129.555556,
 18239.222222,
 18573.666667,
 18749.222222,
 18759.444444,
 18749.555556,
 18623.777778,
 18507.555556,
 18481.444444,
 18375.444444,
 18201.000000,
 18303.555556,
 18297.666667,
 18291.111111,
 18426.555556,
 18889.888889,
 19157.888889,
 19326.444444,
 19282.444444,
 19066.444444,
 18792.777778,
 18423.000000,
 18237.555556,
 18042.000000,
 18063.555556,
 18325.111111,
 18557.000000,
 18466.000000,
 18553.777778,
 18458.888889,
 18312.888889,
 18283.555556,
 18296.888889,
 18248.000000,
 18283.444444,
 18177.555556,
 18373.333333,
 18463.888889,
 18678.666667,
 18869.333333,
 19217.555556,
 19362.222222,
 19682.222222,
 20053.777778,
 20529.444444,
 21010.000000,
 21436.666667,
 22185.222222,
 22721.555556,
 23043.888889,
 23749.666667,
 24416.666667,
 25012.555556,
 25675.888889,
 26167.222222,
 26805.000000,
 26942.222222,
 26818.111111,
 26679.222222,
 26047.000000,
 25379.888889,
 24872.111111,
 24131.333333,
 23479.888889,
 23003.222222,
 22461.888889,
 22042.888889,
 21816.777778,
 21611.000000,
 21568.333333,
 21543.888889,
 21689.333333,
 21771.000000,
 21927.888889,
 22081.444444,
 22614.111111,
 22928.222222,
 23535.666667,
 24301.777778,
 25106.777778,
 26061.888889,
 27081.555556,
 28289.444444,
 29440.555556,
 30140.222222,
 30235.888889,
 29794.777778,
 28768.666667,
 27756.666667,
 26881.000000,
 26029.888889,
 25189.333333,
 24697.444444,
 24025.555556,
 23481.222222,
 22892.777778,
 22300.888889,
 21696.777778,
 20998.666667,
 20511.888889,
 19972.222222,
 19574.666667,
 19005.000000,
 18663.666667,
 18236.777778,
 18083.444444,
 17895.222222,
 17779.888889,
 17702.333333,
 17674.111111,
 17548.444444,
 17603.666667,
 17767.111111,
 18018.555556,
 18257.000000,
 18369.333333,
 18630.888889,
 18593.666667,
 18239.444444,
 17821.666667,
 17396.000000,
 16992.444444,
 16693.777778,
 16398.555556,
 16086.333333,
 15948.666667,
 15707.777778,
 15577.222222,
 15529.666667,
 15369.444444,
 15453.444444,
 15450.777778,
 15372.444444,
 15370.111111,
 15353.111111,
 15441.555556,
 15612.111111,
 15659.888889,
 15652.444444,
 16000.111111,
 16066.666667,
 16221.333333,
 16383.777778,
 16591.777778,
 16837.111111,
 17086.000000,
 17442.222222,
 18008.333333,
 18364.888889,
 18690.333333,
 18782.888889,
 18935.777778,
 19129.888889,
 19329.444444,
 19741.333333,
 20315.000000,
 20848.222222,
 21327.000000,
 21958.555556,
 22597.555556,
 22988.333333,
 23658.111111,
 24320.888889,
 25169.666667,
 25970.666667,
 26587.888889,
 26681.444444,
 26435.000000,
 25608.777778,
 24819.111111,
 23868.111111,
 23072.666667,
 22349.555556,
 21796.111111,
 20949.222222,
 20412.444444,
 19992.111111,
 19593.222222,
 19353.111111,
 18960.888889,
 18913.000000,
 18733.888889,
 18682.777778,
 18456.777778,
 18259.444444,
 18155.444444,
 17857.777778,
 17735.555556,
 17533.222222,
 17355.555556,
 17118.111111,
 16998.444444,
 16767.444444,
 16764.888889,
 16686.333333,
 16630.777778,
 16584.222222,
 16520.555556,
 16734.777778,
 16638.555556,
 16747.666667,
 16936.666667,
 17128.333333,
 17497.555556,
 17833.777778,
 18188.333333,
 18408.555556,
 18703.222222,
 18736.444444,
 18389.555556,
 18276.555556,
 18096.555556,
 18054.888889,
 17684.000000,
 17749.555556,
 17744.666667,
 17763.555556,
 17845.222222,
 17801.000000,
 17833.444444,
 17851.222222,
 17785.111111,
 17841.888889,
 17886.888889,
 17784.333333,
 17839.777778,
 17846.777778,
 17835.444444,
 17845.777778,
 17839.333333,
 17810.444444,
 18188.222222,
 18386.555556,
 18962.222222,
 19630.111111,
 20329.111111,
 21376.222222,
 22284.333333,
 22653.888889,
 22446.666667,
 22133.333333,
 21421.333333,
 20734.333333,
 20376.444444,
 19901.444444,
 19520.888889,
 19262.000000,
 19099.333333,
 18927.111111,
 18709.222222,
 18540.111111,
 18430.222222,
 18214.888889,
 18147.444444,
 17935.777778,
 17841.000000,
 17728.000000,
 17632.888889,
 17511.444444,
 17526.333333,
 17530.000000,
 17632.333333,
 17769.555556,
 18105.555556,
 18323.111111,
 18628.777778,
 18940.000000,
 19022.444444,
 19147.000000,
 19214.222222,
 19523.666667,
 19815.111111,
 19821.111111,
 20009.666667,
 20090.888889,
 20146.555556,
 20134.333333,
 20277.777778,
 20102.888889,
 20169.000000,
 20095.888889,
 20224.666667,
 20117.888889,
 20411.444444,
 20419.333333,
 20549.888889,
 20742.888889,
 20957.111111,
 21054.333333,
 21319.444444,
 21535.666667,
 21615.888889,
 21989.777778,
 22130.222222,
 22405.000000,
 22811.000000,
 22994.777778,
 23428.000000,
 23731.444444,
 24254.111111,
 24677.777778,
 24989.000000,
 25665.555556,
 25870.111111,
 26275.888889,
 26899.444444,
 27407.888889,
 27981.888889,
 28392.222222,
 28363.222222,
 28081.444444,
 27686.888889,
 27245.111111,
 27299.444444,
 27034.222222,
 26967.777778,
 27004.777778,
 27170.666667,
 27274.444444,
 27897.555556,
 28100.111111,
 28315.888889,
 28525.444444,
 28530.333333,
 28447.777778,
 28400.888889,
 28481.666667,
 28766.888889,
 28999.888889,
 29478.111111,
 29665.555556,
 30145.888889,
 30007.222222,
 30037.888889,
 30258.888889,
 30297.222222,
 30413.444444,
 30461.666667,
 30181.222222,
 29877.666667,
 29471.222222,
 29254.666667,
 28860.888889,
 28731.111111,
 28614.666667,
 28471.666667,
 28283.777778,
 28311.111111,
 28339.666667,
 28297.222222,
 28382.222222,
 28533.000000,
 28705.000000,
 28702.777778,
 28994.111111,
 29314.000000,
 29677.333333,
 30324.777778,
 30759.666667,
 31262.444444,
 31405.444444,
 31482.777778,
 31380.777778,
 31133.333333,
 30815.555556,
 30549.777778,
 30413.444444,
 30203.333333,
 30108.777778,
 30220.333333,
 30261.000000,
 30050.444444,
 29683.444444,
 29689.666667,
 29563.888889,
 29531.777778,
 29468.111111,
 29534.444444,
 29653.333333,
 30010.333333,
 30111.111111,
 30405.000000,
 30691.444444,
 31109.444444,
 31201.111111,
 31628.222222,
 32060.222222,
 32470.888889,
 32468.444444,
 32581.222222,
 32578.222222,
 32742.777778,
 32461.333333,
 32487.111111,
 32530.333333,
 32729.666667,
 32736.222222,
 33025.555556,
 33172.111111,
 33495.333333,
 33779.888889,
 33893.888889,
 33844.555556,
 33854.666667,
 33869.000000,
 33792.666667,
 33391.111111,
 33140.222222,
 32966.222222,
 32665.222222,
 32306.111111,
 31935.333333,
 31448.333333,
 31094.444444,
 30761.333333,
 30683.666667,
 30227.000000,
 29898.666667,
 29645.444444,
 29464.444444,
 29197.444444,
 29038.111111,
 28753.111111,
 28560.777778,
 28436.888889,
 28269.111111,
 28176.111111,
 28086.666667,
 27914.555556,
 27764.666667,
 27729.444444,
 27734.000000,
 27748.222222,
 27642.111111,
 27737.222222,
 27801.111111,
 27703.444444,
 27665.000000,
 27538.000000,
 27289.888889,
 26962.777778,
 26786.000000,
 26509.555556,
 26178.777778,
 26088.555556,
 25923.000000,
 25799.555556,
 25800.555556,
 25868.333333,
 25931.222222,
 25520.888889,
 25446.000000,
 25459.333333,
 25307.777778,
 25422.111111,
 25295.888889,
 25326.000000,
 25434.333333,
 25427.666667,
 25489.000000,
 25604.777778,
 25676.777778,
 25921.666667,
 26071.888889,
 26294.666667,
 26090.111111,
 26135.111111,
 26053.777778,
 26204.888889,
 26248.333333,
 26232.333333,
 26376.000000,
 26596.222222,
 26917.777778,
 27265.111111,
 27548.111111,
 27743.555556,
 28163.111111,
 28316.555556,
 28507.222222,
 28731.222222,
 28676.000000,
 28741.888889,
 28489.888889,
 28533.000000,
 28678.777778,
 28447.333333,
 28651.000000,
 28575.111111,
 28565.888889,
 28566.666667,
 28283.333333,
 28368.000000,
 28410.111111,
 28211.555556,
 28407.555556,
 28464.777778,
 28476.222222,
 28542.777778,
 28500.333333,
 28565.000000,
 28364.000000,
 28589.333333,
 28227.111111,
 28362.333333,
 28181.222222,
 28112.000000,
 28051.222222,
 28094.000000,
 28077.888889,
 28244.444444,
 28378.222222,
 28492.666667,
 28899.444444,
 29193.111111,
 29534.888889,
 30025.666667,
 30449.000000,
 30964.111111,
 31709.444444,
 32055.333333,
 32173.888889,
 31882.888889,
 31605.777778,
 31112.000000,
 30706.222222,
 30161.777778,
 29876.666667,
 29553.666667,
 29261.000000,
 28990.888889,
 28784.666667,
 28498.222222,
 28517.666667,
 28408.222222,
 28254.666667,
 28189.222222,
 28191.888889,
 28133.222222,
 28032.888889,
 27866.000000,
 27970.555556,
 27897.777778,
 27864.333333,
 28003.333333,
 28214.555556,
 28329.777778,
 28499.444444,
 28714.111111,
 28680.333333,
 28735.333333,
 28749.111111,
 28634.777778,
 28447.111111,
 28187.777778,
 28083.555556,
 27701.000000,
 27540.111111,
 27139.666667,
 27000.222222,
 26916.000000,
 26726.000000,
 26694.444444,
 26607.666667,
 26637.222222,
 26474.888889,
 26469.111111,
 26425.777778,
 26573.111111,
 26713.777778,
 26845.222222,
 26945.777778,
 27111.555556,
 27375.777778,
 27678.111111,
 27767.444444,
 28131.666667,
 28452.888889,
 28860.000000,
 29282.444444,
 29492.000000,
 29820.222222,
 30141.111111,
 30330.222222,
 30089.222222,
 30065.555556,
 29916.000000,
 29437.000000,
 29166.444444,
 28932.222222,
 28533.222222,
 28422.555556,
 28171.555556,
 27946.555556,
 27958.333333,
 27785.777778,
 27635.555556,
 27587.777778,
 27436.000000,
 27288.222222,
 26765.555556,
 26539.111111,
 26178.555556,
 25887.444444,
 25544.333333,
 25283.222222,
 24956.444444,
 24663.444444,
 24484.333333,
 24365.666667,
 24090.111111,
 23959.666667,
 23896.555556,
 23732.444444,
 23764.555556,
 23599.888889,
 23696.111111,
 23492.111111,
 23286.000000,
 23338.000000,
 23194.777778,
 23176.555556,
 23098.777778,
 23033.000000,
 22890.666667,
 22904.000000,
 22767.333333,
 22801.444444,
 22777.555556,
 22637.222222,
 22561.888889,
 22724.888889,
 22743.444444,
 22769.888889,
 22671.222222,
 22845.777778,
 22766.333333,
 22931.222222,
 22915.333333,
 22955.000000,
 22960.444444,
 22987.777778,
 22757.666667,
 22683.555556,
 22711.111111,
 22539.000000,
 22554.222222,
 22267.333333,
 22030.666667,
 21820.222222,
 21612.777778,
 21395.333333,
 21105.444444,
 20771.888889,
 20632.333333,
 20369.222222,
 20118.444444,
 20088.888889,
 19839.444444,
 19695.666667,
 19456.777778,
 19271.000000,
 18945.333333,
 18847.444444,
 18745.000000,
 18491.000000,
 18331.666667,
 18177.000000,
 18057.222222,
 18007.666667,
 17765.777778,
 17721.000000,
 17687.777778,
 17552.777778,
 17570.888889,
 17468.555556,
 17492.888889,
 17482.111111,
 17328.000000,
 17250.444444,
 17134.555556,
 16842.888889,
 16897.555556,
 16759.888889,
 16602.444444,
 16455.000000,
 16336.333333,
 16102.666667,
 15956.333333,
 15804.777778,
 15707.888889,
 15568.555556,
 15349.333333,
 15372.111111,
 15209.111111,
 15150.666667,
 15102.444444,
 14994.888889,
 14872.222222,
 14846.888889,
 14828.888889,
 14741.222222,
 14719.444444,
 14664.555556,
 14473.000000,
 14495.888889,
 14363.444444,
 14275.555556,
 14170.777778,
 14048.333333,
 14059.222222,
 13997.000000,
 13998.000000,
 14045.444444,
 14040.444444,
 13969.666667,
 14090.888889,
 14122.555556,
 14046.444444,
 14278.333333,
 14169.888889,
 14281.000000,
 14199.888889,
 14138.000000,
 14134.888889,
 14089.555556,
 14058.777778,
 13841.000000,
 13741.222222,
 13672.666667,
 13435.000000,
 13313.000000,
 13205.555556,
 12961.666667,
 12828.444444,
 12647.888889,
 12513.555556,
 12262.000000,
 12128.222222,
 11951.111111,
 11700.444444,
 11580.000000,
 11360.555556,
 11214.666667,
 11067.666667,
 11058.444444,
 10899.777778,
 10818.000000,
 10657.777778,
 10545.555556,
 10483.333333,
 10389.777778,
 10327.222222,
 10288.555556,
 10219.222222,
 10146.777778,
 10086.000000,
 10052.666667,
 10033.111111,
 9933.666667,
 9773.555556,
 9769.000000,
 9631.888889,
 9566.555556,
 9446.666667,
 9390.777778,
 9290.888889,
 9121.555556,
 9033.000000,
 8910.444444,
 8823.666667,
 8763.222222,
 8696.111111,
 8654.555556,
 8575.111111,
 8571.111111,
 8449.777778,
 8388.777778,
 8366.666667,
 8284.000000,
 8263.333333,
 8237.555556,
 8197.222222,
 8197.555556,
 8117.888889,
 8164.222222,
 8060.222222,
 7935.444444,
 7928.666667,
 7780.333333,
 7675.000000,
 7558.111111,
 7536.000000,
 7452.555556,
 7376.444444,
 7335.000000,
 7258.444444,
 7252.666667,
 7176.888889,
 7198.666667,
 7080.777778,
 7067.666667,
 7052.222222,
 6936.777778,
 6828.000000,
 6838.777778,
 6737.555556,
 6717.555556,
 6678.777778,
 6664.333333,
 6643.888889,
 6732.888889,
 6638.333333,
 6654.444444,
 6651.333333,
 6464.777778,
 6362.222222,
 6285.777778,
 6066.222222,
 5971.666667,
 5934.444444,
 5806.333333,
 5773.333333,
 5706.666667,
 5683.000000,
 5642.777778,
 5616.444444,
 5680.888889,
 5678.888889,
 5689.000000,
 5787.666667,
 5698.888889,
 5735.777778,
 5815.333333,
 5732.777778,
 5746.666667,
 5762.777778,
 5878.333333,
 5877.888889,
 6008.333333,
 6053.777778,
 6067.777778,
 6152.111111,
 6175.777778,
 6098.666667,
 6026.555556,
 5986.777778,
 5896.666667,
 5789.444444,
 5730.888889,
 5620.000000,
 5519.111111,
 5518.888889,
 5392.777778,
 5395.111111,
 5353.777778,
 5325.333333,
 5344.333333,
 5270.666667,
 5291.222222,
 5345.333333,
 5371.444444,
 5325.333333,
 5318.888889,
 5326.555556,
 5290.777778,
 5253.444444,
 5231.666667,
 5231.555556,
 5156.333333,
 5202.777778,
 5217.333333,
 5289.000000,
 5322.222222,
 5407.000000,
 5421.333333,
 5420.555556,
 5526.333333,
 5520.666667,
 5609.555556,
 5696.555556,
 5769.111111,
 5767.555556,
 5850.000000,
 5902.444444,
 5947.444444,
 6016.111111,
 6056.444444,
 6104.000000,
 6105.000000,
 6152.888889,
 6177.888889,
 6183.888889,
 6221.666667,
 6202.333333,
 6202.222222,
 6245.111111,
 6225.111111,
 6254.666667,
 6196.333333,
 6238.777778,
 6246.666667,
 6218.111111,
 6295.222222,
 6253.000000,
 6324.666667,
 6476.111111,
 6507.555556,
 6582.666667,
 6684.333333,
 6728.444444,
 6913.000000,
 6980.777778,
 7116.000000,
 7119.222222,
 7177.777778,
 7322.333333,
 7358.888889,
 7434.444444,
 7428.444444,
 7492.333333,
 7568.000000,
 7637.333333,
 7590.333333,
 7690.333333,
 7752.555556,
 7835.333333,
 7798.000000,
 7835.444444,
 7949.111111,
 8017.444444,
 8073.000000,
 8163.888889,
 8134.888889,
 8155.000000,
 8190.777778,
 8241.666667,
 8244.444444,
 8344.222222,
 8241.777778,
 8362.333333,
 8308.888889,
 8386.666667,
 8430.111111,
 8438.555556,
 8449.666667,
 8446.444444,
 8508.888889,
 8556.000000,
 8538.666667,
 8578.333333,
 8653.888889,
 8722.222222,
 8742.111111,
 8754.222222,
 8755.777778,
 8883.000000,
 8751.222222,
 8748.222222,
 8682.444444,
 8704.666667,
 8631.777778,
 8580.666667,
 8554.555556,
 8517.000000,
 8561.000000,
 8564.666667,
 8557.555556,
 8578.666667,
 8572.000000,
 8603.333333,
 8675.222222,
 8690.666667,
 8705.333333,
 8722.333333,
 8773.222222,
 8854.222222,
 8869.888889,
 8922.333333,
 8896.888889,
 9001.444444,
 8946.666667,
 8912.000000,
 8926.111111,
 8894.777778,
 8851.333333,
 8855.333333,
 8778.444444,
 8744.000000,
 8752.000000,
 8722.000000,
 8814.555556,
 8753.444444,
 8693.777778,
 8688.111111,
 8709.888889,
 8741.222222,
 8692.666667,
 8746.555556,
 8731.666667,
 8697.888889,
 8719.444444,
 8695.000000,
 8641.555556,
 8654.333333,
 8663.000000,
 8620.000000,
 8668.333333,
 8639.555556,
 8645.111111,
 8700.777778,
 8719.666667,
 8743.000000,
 8778.222222,
 8870.666667,
 8913.888889,
 8944.333333,
 9005.888889,
 9045.777778,
 9173.555556,
 9238.555556,
 9316.111111,
 9403.111111,
 9534.333333,
 9580.111111,
 9674.666667,
 9751.000000,
 9829.666667,
 9926.777778,
 9994.555556,
 10035.111111,
 10022.777778,
 10131.888889,
 10155.777778,
 10190.666667,
 10228.000000,
 10266.222222,
 10321.666667,
 10306.888889,
 10373.555556,
 10323.555556,
 10330.000000,
 10292.555556,
 10441.111111,
 10479.888889,
 10556.555556,
 10524.111111,
 10579.888889,
 10651.222222,
 10665.666667,
 10667.777778,
 10798.555556,
 10819.111111,
 11025.888889,
 11090.333333,
 11161.888889,
 11222.222222,
 11203.555556,
 11284.111111,
 11326.444444,
 11283.000000,
 11170.777778,
 11152.444444,
 10991.666667,
 10905.555556,
 10819.444444,
 10869.777778,
 10800.333333,
 10729.333333,
 10725.666667,
 10810.333333,
 10804.777778,
 10837.333333,
 10961.000000,
 10951.777778,
 11062.444444,
 11125.666667,
 11093.333333,
 11116.444444,
 11158.666667,
 11137.000000,
 11130.333333,
 11031.333333,
 11015.888889,
 10902.333333,
 10841.666667,
 10814.666667,
 10700.444444,
 10589.777778,
 10535.555556,
 10437.333333,
 10465.333333,
 10371.444444,
 10304.666667,
 10183.777778,
 10153.222222,
 10243.777778,
 10129.444444,
 10025.666667,
 9953.000000,
 9903.000000,
 9930.666667,
 9912.888889,
 9759.555556,
 9712.111111,
 9741.000000,
 9579.222222,
 9622.000000,
 9568.444444,
 9495.555556,
 9530.222222,
 9474.333333,
 9419.888889,
 9474.111111,
 9371.777778,
 9383.000000,
 9390.333333,
 9321.888889,
 9339.000000,
 9330.222222,
 9236.777778,
 9297.555556,
 9253.222222,
 9289.555556,
 9136.888889,
 9162.888889,
 9186.000000,
 9149.777778,
 9108.666667,
 9025.333333,
 9069.777778,
 9036.222222,
 8896.111111,
 8914.000000,
 8932.888889,
 8901.555556,
 8827.555556,
 8756.555556,
 8753.000000,
 8704.222222,
 8662.555556,
 8632.666667,
 8655.444444,
 8580.222222,
 8524.444444,
 8545.111111,
 8540.555556,
 8586.888889,
 8509.222222,
 8505.444444,
 8492.333333,
 8508.333333,
 8508.333333,
 8526.555556,
 8502.666667,
 8384.555556,
 8350.777778,
 8364.888889,
 8370.777778,
 8360.222222,
 8172.444444,
 8067.666667,
 8075.666667,
 8033.333333,
 7915.333333,
 7818.000000,
 7797.222222,
 7742.888889,
 7664.888889,
 7603.000000,
 7493.333333,
 7387.000000,
 7345.333333,
 7279.888889,
 7204.333333,
 7157.444444,
 7105.555556,
 7033.222222,
 6993.000000,
 6933.888889,
 6848.555556,
 6778.222222,
 6689.444444,
 6634.111111,
 6607.555556,
 6602.555556,
 6537.555556,
 6392.222222,
 6406.222222,
 6382.555556,
 6322.777778,
 6292.333333,
 6264.555556,
 6260.222222,
 6193.555556,
 6243.777778,
 6109.888889,
 6104.444444,
 6117.555556,
 6011.222222,
 5958.555556,
 5981.333333,
 5902.555556,
 5866.222222,
 5782.333333,
 5738.333333,
 5650.777778,
 5584.777778,
 5561.111111,
 5485.444444,
 5393.777778,
 5334.666667,
 5308.000000,
 5260.666667,
 5205.222222,
 5200.666667,
 5168.666667,
 5058.666667,
 5041.777778,
 4999.000000,
 4927.888889,
 4956.555556,
 4934.666667,
 4883.444444,
 4831.444444,
 4749.111111,
 4812.444444,
 4691.666667,
 4670.888889,
 4672.777778,
 4579.333333,
 4566.555556,
 4541.111111,
 4473.000000,
 4478.444444,
 4381.444444,
 4391.111111,
 4362.555556,
 4301.444444,
 4280.444444,
 4280.111111,
 4274.000000,
 4266.000000,
 4202.666667,
 4121.777778,
 4078.777778,
 4011.000000,
 4024.555556,
 4008.222222,
 4005.666667,
 3913.666667,
 3920.444444,
 3886.666667,
 3852.222222,
 3773.333333,
 3824.666667,
 3806.888889,
 3758.666667,
 3762.444444,
 3791.777778,
 3722.111111,
 3660.777778,
 3704.777778,
 3649.333333,
 3619.222222,
 3567.111111,
 3592.111111,
 3544.666667,
 3530.888889,
 3541.777778,
 3498.666667,
 3561.666667,
 3506.111111,
 3449.888889,
 3455.555556,
 3415.555556,
 3425.444444,
 3415.000000,
 3409.444444,
 3402.555556,
 3394.333333,
 3394.333333,
 3332.888889,
 3352.666667,
 3383.111111,
 3285.555556,
 3186.777778,
 3193.111111,
 3160.888889,
 3142.888889,
 3212.777778,
 3079.333333,
 3060.555556,
 3022.888889,
 3054.444444,
 2956.888889,
 2934.222222,
 2972.444444,
 2987.666667,
 2899.555556,
 2892.222222,
 2914.111111,
 2900.777778,
 2857.888889,
 2896.222222,
 2896.222222,
 2881.555556,
 2891.444444,
 2828.000000,
 2808.777778,
 2806.333333,
 2813.111111,
 2768.444444,
 2771.222222,
 2766.000000,
 2705.333333,
 2768.555556,
 2658.222222,
 2697.444444,
 2659.444444,
 2678.000000,
 2657.222222,
 2641.222222,
 2634.111111,
 2633.333333,
 2611.777778,
 2609.555556,
 2604.222222,
 2577.111111,
 2585.333333,
 2555.888889,
 2668.888889,
 2500.555556,
 2590.111111,
 2570.000000,
 2547.000000,
 2521.444444,
 2553.222222,
 2555.444444,
 2537.222222,
 2526.000000,
 2560.777778,
 2530.777778,
 2549.222222,
 2560.111111,
 2554.666667,
 2541.555556,
 2538.666667,
 2550.222222,
 2560.555556,
 2554.111111,
 2533.222222,
 2525.777778,
 2547.888889,
 2572.888889,
 2579.222222,
 2570.111111,
 2571.666667,
 2596.111111,
 2609.111111,
 2625.222222,
 2621.000000,
 2600.888889,
 2641.888889,
 2632.333333,
 2660.666667,
 2648.111111,
 2699.111111,
 2650.000000,
 2664.888889,
 2695.000000,
 2708.222222,
 2709.555556,
 2747.333333,
 2800.444444,
 2781.444444,
 2789.555556,
 2810.444444,
 2811.222222,
 2819.333333,
 2822.777778,
 2892.444444,
 2883.888889,
 2885.222222,
 2872.777778,
 2879.000000,
 2938.777778,
 2922.555556,
 2973.444444,
 2946.000000,
 2963.888889,
 2976.444444,
 3015.333333,
 3020.333333,
 3015.888889,
 3038.000000,
 3049.888889,
 3079.111111,
 3099.000000,
 3108.777778,
 3132.111111,
 3123.444444,
 3157.777778,
 3162.000000,
 3192.888889,
 3202.555556,
 3239.333333,
 3258.111111,
 3294.777778,
 3321.000000,
 3333.000000,
 3323.111111,
 3348.333333,
 3346.444444,
 3435.222222,
 3467.444444,
 3440.000000,
 3418.111111,
 3502.111111,
 3489.111111,
 3503.555556,
 3547.888889,
 3571.111111,
 3631.222222,
 3572.444444,
 3604.000000,
 3650.666667,
 3660.666667,
 3754.111111,
 3700.888889,
 3739.000000,
 3764.222222,
 3801.666667,
 3822.444444,
 3854.777778,
 3916.888889,
 3929.777778,
 4001.444444,
 3974.555556,
 4035.000000,
 4077.444444,
 4089.444444,
 4107.555556,
 4104.555556,
 4079.000000,
 4120.888889,
 4165.333333,
 4125.444444,
 4100.000000,
 4121.888889,
 4174.888889,
 4138.777778,
 4110.666667,
 4198.222222,
 4180.000000,
 4217.555556,
 4213.333333,
 4215.555556,
 4226.333333,
 4213.222222,
 4263.333333,
 4286.888889,
 4324.333333,
 4332.555556,
 4285.111111,
 4327.666667,
 4368.555556,
 4405.444444,
 4400.888889,
 4393.000000,
 4438.333333,
 4442.666667,
 4464.444444,
 4506.222222,
 4522.000000,
 4526.777778,
 4581.777778,
 4570.111111,
 4597.000000,
 4652.555556,
 4655.555556,
 4665.555556,
 4709.444444,
 4731.333333,
 4728.777778,
 4736.222222,
 4755.444444,
 4850.111111,
 4723.888889,
 4797.111111,
 4777.777778,
 4799.666667,
 4839.666667,
 4827.222222,
 4816.000000,
 4806.000000,
 4854.555556,
 4873.333333,
 4838.333333,
 4903.777778,
 4883.444444,
 4880.222222,
 4857.777778,
 4834.444444,
 4855.444444,
 4877.444444,
 4859.777778,
 4860.000000,
 4921.333333