1109.444444,
 1092.111111,
 1138.666667,
 1088.111111,
 1133.444444,
 1100.666667,
 1135.888889,
 1124.888889,
 1122.777778,
 1111.444444,
 1143.555556,
 1150.666667,
 1164.222222,
 1114.222222,
 1170.444444,
 1121.000000,
 1160.888889,
 1129.000000,
 1189.333333,
 1157.666667,
 1158.333333,
 1179.444444,
 1198.444444,
 1189.666667,
 1241.888889,
 1232.111111,
 1209.444444,
 1201.444444,
 1217.666667,
 1196.888889,
 1265.777778,
 1186.777778,
 1222.555556,
 1189.333333,
 1215.555556,
 1230.333333,
 1248.777778,
 1238.666667,
 1249.666667,
 1250.444444,
 1244.000000,
 1256.666667,
 1218.555556,
 1203.555556,
 1260.888889,
 1239.888889,
 1207.444444,
 1207.333333,
 1241.222222,
 1243.444444,
 1210.777778,
 1232.666667,
 1202.888889,
 1173.666667,
 1201.111111,
 1203.666667,
 1170.444444,
 1195.666667,
 1178.222222,
 1160.111111,
 1173.000000,
 1199.777778,
 1190.111111,
 1235.333333,
 1256.888889,
 1306.111111,
 1335.000000,
 1185.000000,
 1247.111111,
 1306.111111,
 1307.888889,
 1355.888889,
 1355.111111,
 1352.444444,
 1443.111111,
 1422.333333,
 1536.777778,
 1457.111111,
 1550.666667,
 1560.444444,
 1601.111111,
 1621.555556,
 1656.333333,
 1696.111111,
 1724.111111,
 1705.555556,
 1759.888889,
 1779.666667,
 1845.111111,
 1836.888889,
 1903.111111,
 1949.000000,
 2020.333333,
 2042.000000,
 2040.444444,
 2097.111111,
 2192.222222,
 2154.222222,
 2204.666667,
 2259.222222,
 2283.555556,
 2342.000000,
 2348.555556,
 2405.000000,
 2473.333333,
 2448.222222,
 2441.111111,
 2508.000000,
 2491.888889,
 2530.777778,
 2552.777778,
 2578.666667,
 2623.777778,
 2655.777778,
 2716.888889,
 2780.333333,
 2875.777778,
 2910.222222,
 2950.555556,
 2957.444444,
 3015.222222,
 3015.333333,
 2977.444444,
 2952.777778,
 3012.333333,
 3042.444444,
 3117.888889,
 3202.000000,
 3296.666667,
 3344.111111,
 3520.666667,
 3540.222222,
 3530.000000,
 3550.222222,
 3609.111111,
 3571.777778,
 3605.888889,
 3681.111111,
 3727.444444,
 3781.666667,
 3852.333333,
 3964.888889,
 4072.222222,
 4192.666667,
 4413.444444,
 4597.222222,
 4683.777778,
 4756.222222,
 4739.666667,
 4676.444444,
 4687.444444,
 4575.888889,
 4624.111111,
 4777.888889,
 4785.777778,
 4946.555556,
 5128.111111,
 5367.000000,
 5481.777778,
 5386.555556,
 5365.333333,
 5360.333333,
 5357.555556,
 5464.000000,
 5631.555556,
 5832.666667,
 6014.222222,
 6125.333333,
 6212.777778,
 6447.111111,
 6785.000000,
 6960.111111,
 6888.222222,
 6897.666667,
 6871.111111,
 6878.777778,
 6960.888889,
 6991.888889,
 7152.777778,
 7284.222222,
 7444.666667,
 7548.333333,
 7681.555556,
 7714.444444,
 7918.000000,
 7931.888889,
 8093.111111,
 8177.000000,
 8307.666667,
 8347.444444,
 8442.666667,
 8574.111111,
 8782.666667,
 8831.222222,
 8945.000000,
 9110.333333,
 9274.888889,
 9413.777778,
 9546.444444,
 9657.111111,
 9790.333333,
 10013.000000,
 10256.666667,
 10444.111111,
 10566.111111,
 10739.888889,
 10992.888889,
 11259.333333,
 11412.111111,
 11512.000000,
 11634.777778,
 11679.333333,
 11759.777778,
 11885.666667,
 12089.777778,
 12272.222222,
 12621.444444,
 12914.666667,
 13354.888889,
 13841.111111,
 14378.888889,
 14847.888889,
 15319.111111,
 15843.111111,
 16427.666667,
 16752.111111,
 17057.666667,
 17412.666667,
 18000.888889,
 18653.111111,
 19570.111111,
 20479.222222,
 21529.777778,
 22701.333333,
 23623.444444,
 24930.111111,
 25800.333333,
 27046.777778,
 28043.444444,
 28220.111111,
 28146.777778,
 27390.666667,
 26533.000000,
 25425.555556,
 24505.444444,
 23704.777778,
 23069.000000,
 22654.000000,
 22350.666667,
 22185.333333,
 22228.666667,
 22016.888889,
 21794.000000,
 21474.888889,
 21181.000000,
 20408.666667,
 19881.888889,
 19256.444444,
 18830.888889,
 18494.555556,
 18289.222222,
 17986.777778,
 17991.666667,
 18037.777778,
 18052.111111,
 18238.222222,
 18347.111111,
 18680.555556,
 18843.333333,
 19015.777778,
 18935.777778,
 18828.000000,
 18736.111111,
 18627.666667,
 18650.333333,
 18578.777778,
 18509.555556,
 18529.000000,
 18566.222222,
 18782.666667,
 19055.222222,
 19412.333333,
 19683.555556,
 19591.777778,
 19391.000000,
 19136.888889,
 18757.000000,
 18724.888889,
 18502.777778,
 18423.888889,
 18784.555556,
 18853.222222,
 18846.222222,
 19067.444444,
 18905.111111,
 18888.000000,
 18801.111111,
 18806.555556,
 18735.333333,
 18847.000000,
 18732.000000,
 18914.111111,
 18936.111111,
 19262.000000,
 19426.333333,
 19663.777778,
 19995.888889,
 20359.222222,
 20764.444444,
 21107.777778,
 21641.555556,
 22122.555556,
 22873.333333,
 23410.555556,
 23789.777778,
 24591.000000,
 25203.777778,
 25883.222222,
 26495.555556,
 27224.666667,
 27877.000000,
 28040.444444,
 28043.777778,
 27854.000000,
 27232.333333,
 26754.111111,
 26132.777778,
 25473.777778,
 24760.444444,
 24210.777778,
 23650.111111,
 23175.111111,
 22884.000000,
 22645.333333,
 22665.666667,
 22559.333333,
 22655.111111,
 22846.444444,
 22831.111111,
 23190.000000,
 23518.444444,
 23915.222222,
 24590.777778,
 25172.777778,
 26099.222222,
 27106.000000,
 28221.111111,
 29348.888889,
 30586.444444,
 31705.777778,
 31984.444444,
 31509.444444,
 30534.222222,
 29415.000000,
 28436.666667,
 27638.000000,
 26703.111111,
 26091.444444,
 25433.888889,
 24878.222222,
 24297.222222,
 23662.777778,
 22889.666667,
 22247.777778,
 21630.888889,
 21130.222222,
 20639.444444,
 20068.888889,
 19766.444444,
 19300.222222,
 19006.333333,
 18749.666667,
 18677.888889,
 18509.555556,
 18570.111111,
 18515.777778,
 18504.444444,
 18650.777778,
 18820.000000,
 19077.111111,
 19328.888889,
 19554.777778,
 19594.333333,
 19288.111111,
 18791.555556,
 18374.000000,
 17922.000000,
 17513.777778,
 17343.111111,
 16930.555556,
 16805.666667,
 16468.000000,
 16422.444444,
 16272.000000,
 16214.666667,
 16247.777778,
 16137.000000,
 16128.000000,
 16197.666667,
 16066.111111,
 16117.000000,
 16295.222222,
 16308.222222,
 16426.888889,
 16677.111111,
 16725.555556,
 16840.000000,
 17070.666667,
 17331.111111,
 17595.888889,
 17759.444444,
 18223.555556,
 18576.666667,
 18995.666667,
 19475.777778,
 19640.000000,
 19679.222222,
 19976.777778,
 20119.555556,
 20512.555556,
 21071.555556,
 21598.777778,
 22201.333333,
 22791.888889,
 23406.888889,
 23910.222222,
 24563.333333,
 25207.888889,
 26064.333333,
 26947.000000,
 27694.333333,
 27932.222222,
 27831.555556,
 26987.888889,
 26125.555556,
 25157.666667,
 24268.777778,
 23494.777778,
 22849.222222,
 22083.111111,
 21480.555556,
 20918.555556,
 20598.000000,
 20244.444444,
 19918.666667,
 19695.111111,
 19577.555556,
 19443.444444,
 19295.111111,
 19022.222222,
 18941.777778,
 18656.000000,
 18457.888889,
 18284.000000,
 18075.555556,
 17847.444444,
 17696.111111,
 17407.111111,
 17434.777778,
 17378.666667,
 17265.666667,
 17311.111111,
 17210.111111,
 17320.777778,
 17273.666667,
 17454.666667,
 17587.111111,
 17776.333333,
 18127.666667,
 18418.444444,
 18740.777778,
 19133.222222,
 19326.222222,
 19451.888889,
 19290.222222,
 19048.777778,
 18838.111111,
 18695.888889,
 18360.000000,
 18458.111111,
 18347.666667,
 18414.444444,
 18466.444444,
 18411.555556,
 18469.777778,
 18503.666667,
 18385.111111,
 18540.000000,
 18533.555556,
 18419.222222,
 18418.000000,
 18433.888889,
 18455.000000,
 18399.444444,
 18420.777778,
 18440.333333,
 18599.555556,
 18895.111111,
 19324.333333,
 20078.444444,
 20778.444444,
 21735.666667,
 22738.111111,
 23186.555556,
 23135.333333,
 22858.222222,
 22121.222222,
 21571.777778,
 21086.111111,
 20665.666667,
 20233.111111,
 20015.777778,
 19702.333333,
 19488.222222,
 19301.222222,
 19128.444444,
 19003.666667,
 18843.666667,
 18623.111111,
 18499.777778,
 18380.555556,
 18306.777778,
 18102.555556,
 18066.111111,
 18089.555556,
 17974.222222,
 18144.888889,
 18226.444444,
 18382.333333,
 18741.000000,
 18954.888889,
 19259.888889,
 19470.777778,
 19600.222222,
 19735.888889,
 19794.111111,
 20240.000000,
 20208.000000,
 20390.444444,
 20461.444444,
 20522.111111,
 20667.111111,
 20678.555556,
 20519.333333,
 20518.666667,
 20529.888889,
 20672.000000,
 20533.333333,
 20733.555556,
 20814.111111,
 20792.888889,
 21000.222222,
 21247.666667,
 21335.222222,
 21537.000000,
 21844.111111,
 21986.111111,
 22272.777778,
 22427.888889,
 22733.777778,
 23037.111111,
 23306.666667,
 23733.555556,
 23985.222222,
 24458.333333,
 24798.000000,
 25327.222222,
 25768.333333,
 26087.666667,
 26408.777778,
 26866.222222,
 27594.666667,
 28188.555556,
 28648.555556,
 28630.111111,
 28533.111111,
 28178.444444,
 27769.000000,
 27707.444444,
 27374.555556,
 27228.333333,
 27328.444444,
 27325.777778,
 27549.555556,
 28001.666667,
 28294.666667,
 28657.777778,
 28821.444444,
 28920.111111,
 28925.666667,
 28754.444444,
 28912.333333,
 29017.777778,
 29272.222222,
 29687.222222,
 29900.222222,
 30352.000000,
 30355.777778,
 30306.000000,
 30492.333333,
 30584.666667,
 30736.888889,
 30626.555556,
 30526.666667,
 30388.222222,
 29834.888889,
 29637.333333,
 29203.888889,
 28954.333333,
 28866.333333,
 28671.333333,
 28570.666667,
 28520.888889,
 28433.000000,
 28605.555556,
 28667.000000,
 28701.666667,
 28761.222222,
 28793.000000,
 29195.111111,
 29367.666667,
 29806.444444,
 30248.555556,
 30851.888889,
 31460.555556,
 31479.666667,
 31517.888889,
 31490.666667,
 31409.222222,
 31011.555556,
 30765.555556,
 30601.777778,
 30328.444444,
 30380.000000,
 30363.111111,
 30450.000000,
 30229.222222,
 30016.888889,
 29917.444444,
 29619.555556,
 29643.666667,
 29585.333333,
 29645.888889,
 29719.777778,
 30109.111111,
 30142.777778,
 30526.666667,
 30730.333333,
 31186.555556,
 31397.555556,
 31709.888889,
 32320.000000,
 32486.555556,
 32606.222222,
 32745.222222,
 32736.777778,
 32699.222222,
 32771.888889,
 32646.666667,
 32841.444444,
 33000.888889,
 32973.111111,
 33023.777778,
 33326.000000,
 33710.222222,
 33954.000000,
 34075.444444,
 34315.888889,
 34243.444444,
 34249.777778,
 34072.333333,
 33778.555556,
 33764.333333,
 33442.888889,
 33112.000000,
 32927.555556,
 32492.444444,
 32012.111111,
 31607.111111,
 31323.444444,
 31144.000000,
 30805.000000,
 30437.777778,
 30161.888889,
 29951.555556,
 29712.555556,
 29555.444444,
 29400.111111,
 29236.888889,
 29132.888889,
 28830.000000,
 28660.666667,
 28672.777778,
 28428.111111,
 28364.000000,
 28314.888889,
 28293.111111,
 28226.222222,
 28283.888889,
 28279.777778,
 28300.777778,
 28216.222222,
 28304.666667,
 28171.333333,
 27828.444444,
 27534.222222,
 27255.555556,
 27081.111111,
 26885.666667,
 26734.222222,
 26550.666667,
 26523.111111,
 26420.888889,
 26490.111111,
 26614.666667,
 26191.111111,
 26183.444444,
 26094.888889,
 26054.000000,
 25975.222222,
 25886.444444,
 25965.000000,
 26080.000000,
 26019.555556,
 26042.333333,
 26243.555556,
 26364.333333,
 26508.555556,
 26616.111111,
 26921.888889,
 26776.444444,
 26760.555556,
 26755.444444,
 26850.444444,
 26835.888889,
 26879.111111,
 26943.444444,
 27274.333333,
 27436.111111,
 27735.888889,
 28114.333333,
 28323.444444,
 28680.111111,
 28923.777778,
 29013.555556,
 29437.888889,
 29460.555556,
 29385.444444,
 29236.888889,
 29258.111111,
 29299.555556,
 29258.555556,
 29502.000000,
 29360.333333,
 29345.666667,
 29333.000000,
 29179.666667,
 29139.555556,
 29106.444444,
 29009.888889,
 29201.111111,
 29236.555556,
 29097.666667,
 29295.666667,
 29323.888889,
 29403.333333,
 29120.888889,
 29325.666667,
 29113.111111,
 29014.666667,
 28918.444444,
 28911.000000,
 28760.888889,
 28748.444444,
 28838.000000,
 28897.777778,
 28937.666667,
 29100.888889,
 29546.777778,
 29767.333333,
 29983.555556,
 30631.000000,
 30984.333333,
 31613.555556,
 32273.888889,
 32622.666667,
 32858.333333,
 32669.555556,
 32383.555556,
 31793.222222,
 31447.444444,
 31044.555556,
 30687.777778,
 30359.555556,
 29987.222222,
 29690.777778,
 29521.777778,
 29189.000000,
 29167.777778,
 28970.777778,
 28947.111111,
 28884.666667,
 28861.444444,
 28754.777778,
 28632.666667,
 28559.000000,
 28468.333333,
 28545.555556,
 28467.777778,
 28605.333333,
 28831.222222,
 28883.000000,
 29176.222222,
 29191.555556,
 29319.111111,
 29388.000000,
 29370.777778,
 29285.333333,
 29061.000000,
 28755.888889,
 28700.222222,
 28391.333333,
 28248.444444,
 27726.111111,
 27642.111111,
 27476.000000,
 27299.888889,
 27258.777778,
 27180.111111,
 27162.333333,
 27006.000000,
 26966.444444,
 27060.888889,
 27072.444444,
 27176.555556,
 27335.333333,
 27395.777778,
 27631.666667,
 27852.444444,
 28151.888889,
 28239.555556,
 28565.666667,
 28861.666667,
 29235.777778,
 29600.222222,
 29992.444444,
 30280.666667,
 30630.333333,
 30797.444444,
 30714.555556,
 30657.555556,
 30414.777778,
 30164.666667,
 29769.333333,
 29519.555556,
 29142.111111,
 28928.444444,
 28745.000000,
 28353.888889,
 28398.555556,
 28225.888889,
 28075.111111,
 28179.555556,
 27835.555556,
 27823.444444,
 27302.333333,
 26994.666667,
 26639.777778,
 26485.444444,
 26118.222222,
 25830.000000,
 25599.555556,
 25262.444444,
 25023.222222,
 24871.111111,
 24505.888889,
 24340.222222,
 24344.222222,
 24177.000000,
 24147.555556,
 24066.555556,
 24045.333333,
 23884.333333,
 23769.111111,
 23726.000000,
 23630.444444,
 23626.666667,
 23480.666667,
 23357.666667,
 23302.444444,
 23330.333333,
 23096.777778,
 23223.666667,
 23034.888889,
 22999.888889,
 22873.333333,
 22994.111111,
 22994.222222,
 23010.444444,
 22942.777778,
 23109.888889,
 23063.444444,
 23186.666667,
 23093.333333,
 23190.666667,
 23223.111111,
 23250.111111,
 23159.111111,
 22980.555556,
 22985.000000,
 22881.111111,
 22758.555556,
 22637.777778,
 22269.666667,
 22080.000000,
 21926.888889,
 21665.222222,
 21428.222222,
 21183.777778,
 20960.666667,
 20559.888889,
 20392.111111,
 20383.111111,
 20029.111111,
 19840.000000,
 19601.555556,
 19444.000000,
 19110.333333,
 19029.333333,
 18874.333333,
 18721.333333,
 18563.888889,
 18333.000000,
 18216.555556,
 18173.111111,
 17966.666667,
 17956.222222,
 17814.777778,
 17665.000000,
 17693.000000,
 17658.555556,
 17647.777778,
 17593.111111,
 17511.777778,
 17359.444444,
 17286.222222,
 16960.222222,
 17015.000000,
 16853.888889,
 16686.444444,
 16568.555556,
 16347.555556,
 16250.444444,
 16021.333333,
 15947.444444,
 15773.555556,
 15636.222222,
 15369.111111,
 15420.444444,
 15279.777778,
 15213.555556,
 15089.777778,
 15073.666667,
 14844.000000,
 14821.777778,
 14760.666667,
 14765.555556,
 14675.666667,
 14631.888889,
 14496.777778,
 14393.777778,
 14284.333333,
 14232.333333,
 14073.111111,
 14013.222222,
 13993.555556,
 13983.555556,
 13921.888889,
 13916.111111,
 13892.888889,
 13879.666667,
 13953.888889,
 13889.222222,
 13943.666667,
 13984.444444,
 13980.777778,
 14040.777778,
 13951.777778,
 13883.444444,
 13946.000000,
 13809.333333,
 13787.777778,
 13603.555556,
 13611.000000,
 13435.888889,
 13176.555556,
 13072.111111,
 13011.333333,
 12746.555556,
 12642.333333,
 12382.444444,
 12343.666667,
 12131.000000,
 11868.555556,
 11735.333333,
 11466.111111,
 11331.111111,
 11175.444444,
 10964.777778,
 10821.000000,
 10804.777778,
 10662.666667,
 10533.666667,
 10328.444444,
 10258.555556,
 10218.000000,
 10129.555556,
 10052.444444,
 9968.333333,
 9866.888889,
 9792.333333,
 9769.888889,
 9718.333333,
 9634.333333,
 9558.333333,
 9426.222222,
 9330.000000,
 9226.111111,
 9158.444444,
 9018.222222,
 8983.888889,
 8833.111111,
 8688.555556,
 8575.555556,
 8507.888889,
 8420.444444,
 8348.666667,
 8261.555556,
 8089.666667,
 8131.333333,
 8116.666667,
 7923.000000,
 7879.111111,
 7824.555556,
 7783.777778,
 7754.555556,
 7703.888889,
 7646.888889,
 7614.222222,
 7557.444444,
 7527.888889,
 7419.888889,
 7339.000000,
 7265.666667,
 7183.333333,
 7090.000000,
 6970.000000,
 6931.333333,
 6852.555556,
 6847.111111,
 6753.333333,
 6669.888889,
 6625.000000,
 6581.888889,
 6536.333333,
 6474.444444,
 6494.000000,
 6393.111111,
 6271.222222,
 6218.777778,
 6149.111111,
 6109.000000,
 6070.222222,
 6040.444444,
 6033.666667,
 6013.000000,
 6061.333333,
 5957.333333,
 6007.333333,
 6007.888889,
 5888.888889,
 5729.888889,
 5694.111111,
 5509.000000,
 5436.888889,
 5375.333333,
 5284.555556,
 5236.000000,
 5138.666667,
 5154.444444,
 5116.666667,
 5102.444444,
 5160.111111,
 5132.333333,
 5191.111111,
 5293.666667,
 5206.111111,
 5286.444444,
 5354.111111,
 5315.555556,
 5335.777778,
 5358.222222,
 5425.000000,
 5442.888889,
 5504.777778,
 5623.777778,
 5653.777778,
 5699.555556,
 5761.222222,
 5776.333333,
 5715.888889,
 5727.111111,
 5642.333333,
 5605.000000,
 5520.666667,
 5471.777778,
 5364.333333,
 5337.666667,
 5257.444444,
 5254.777778,
 5243.222222,
 5234.000000,
 5232.555556,
 5227.111111,
 5273.111111,
 5266.333333,
 5277.777778,
 5306.000000,
 5286.777778,
 5289.555556,
 5304.222222,
 5257.333333,
 5232.666667,
 5229.777778,
 5157.222222,
 5273.666667,
 5298.777778,
 5354.888889,
 5380.777778,
 5477.111111,
 5488.222222,
 5494.111111,
 5635.000000,
 5666.888889,
 5724.111111,
 5825.777778,
 5917.666667,
 5932.555556,
 5993.888889,
 6081.222222,
 6103.888889,
 6201.222222,
 6213.888889,
 6246.222222,
 6263.000000,
 6366.333333,
 6347.555556,
 6391.111111,
 6402.222222,
 6460.888889,
 6422.111111,
 6392.666667,
 6386.333333,
 6407.888889,
 6420.000000,
 6418.777778,
 6461.666667,
 6388.222222,
 6493.777778,
 6512.777778,
 6562.666667,
 6713.444444,
 6785.000000,
 6867.000000,
 6925.222222,
 7004.444444,
 7155.888889,
 7233.444444,
 7411.000000,
 7469.777778,
 7572.888889,
 7557.444444,
 7671.777778,
 7715.000000,
 7780.444444,
 7810.111111,
 7855.666667,
 7958.777778,
 7972.777778,
 8041.000000,
 8036.444444,
 8154.555556,
 8139.222222,
 8156.000000,
 8261.000000,
 8327.777778,
 8406.555556,
 8470.666667,
 8467.000000,
 8469.222222,
 8538.000000,
 8510.666667,
 8593.333333,
 8661.000000,
 8608.555556,
 8636.888889,
 8598.444444,
 8641.333333,
 8714.333333,
 8772.888889,
 8772.555556,
 8740.111111,
 8810.000000,
 8841.444444,
 8859.666667,
 8887.666667,
 8960.333333,
 9052.444444,
 9070.222222,
 9139.555556,
 9105.111111,
 9234.555556,
 9207.444444,
 9114.222222,
 9078.000000,
 9018.888889,
 8986.222222,
 8975.000000,
 8965.777778,
 8889.111111,
 8985.777778,
 8901.222222,
 8936.000000,
 8908.333333,
 8948.333333,
 8951.222222,
 9024.333333,
 9034.444444,
 9062.111111,
 9100.444444,
 9175.777778,
 9181.777778,
 9177.444444,
 9196.444444,
 9211.333333,
 9403.222222,
 9285.111111,
 9246.222222,
 9249.888889,
 9172.444444,
 9151.888889,
 9114.555556,
 9086.444444,
 9028.222222,
 9027.222222,
 8997.333333,
 9117.444444,
 8967.111111,
 8943.888889,
 8992.222222,
 8978.333333,
 8990.666667,
 8960.333333,
 8979.777778,
 8981.555556,
 8926.555556,
 8926.111111,
 8921.666667,
 8902.777778,
 8877.444444,
 8910.777778,
 8894.777778,
 8861.333333,
 8853.444444,
 8859.888889,
 8942.222222,
 8917.444444,
 8992.777778,
 9032.444444,
 9103.777778,
 9137.333333,
 9145.777778,
 9223.555556,
 9350.666667,
 9390.444444,
 9520.000000,
 9556.111111,
 9680.555556,
 9773.777778,
 9916.888889,
 9971.444444,
 10051.222222,
 10124.555556,
 10273.888889,
 10258.666667,
 10329.888889,
 10328.777778,
 10436.333333,
 10409.444444,
 10463.444444,
 10466.777778,
 10519.555556,
 10558.000000,
 10631.000000,
 10613.000000,
 10587.888889,
 10695.888889,
 10648.555556,
 10647.555556,
 10713.111111,
 10743.888889,
 10741.111111,
 10851.666667,
 10855.555556,
 10865.555556,
 10945.666667,
 11005.555556,
 11124.555556,
 11200.111111,
 11264.666667,
 11396.111111,
 11441.444444,
 11523.666667,
 11535.111111,
 11522.444444,
 11451.444444,
 11458.444444,
 11431.333333,
 11301.444444,
 11134.777778,
 11075.777778,
 11101.777778,
 11000.555556,
 10992.333333,
 10944.222222,
 11013.111111,
 11038.777778,
 11039.666667,
 11131.000000,
 11164.888889,
 11359.888889,
 11342.777778,
 11335.000000,
 11354.777778,
 11404.444444,
 11422.444444,
 11368.222222,
 11297.000000,
 11259.444444,
 11099.666667,
 11073.000000,
 10990.888889,
 10904.555556,
 10812.666667,
 10752.333333,
 10721.111111,
 10701.666667,
 10563.111111,
 10485.222222,
 10411.555556,
 10382.444444,
 10372.666667,
 10315.666667,
 10196.777778,
 10108.444444,
 10115.666667,
 10128.444444,
 10012.000000,
 9905.555556,
 9865.777778,
 9886.666667,
 9778.666667,
 9759.444444,
 9719.777778,
 9600.111111,
 9696.888889,
 9594.000000,
 9584.000000,
 9660.888889,
 9550.222222,
 9480.222222,
 9472.666667,
 9449.888889,
 9498.222222,
 9471.111111,
 9369.777778,
 9479.666667,
 9339.888889,
 9355.111111,
 9274.777778,
 9342.888889,
 9305.000000,
 9250.777778,
 9183.888889,
 9165.555556,
 9133.444444,
 9114.444444,
 9013.111111,
 8997.888889,
 9001.111111,
 8955.444444,
 8924.333333,
 8873.444444,
 8801.222222,
 8759.555556,
 8723.000000,
 8670.777778,
 8713.333333,
 8612.222222,
 8554.000000,
 8569.666667,
 8632.555556,
 8624.444444,
 8584.444444,
 8587.888889,
 8572.000000,
 8610.444444,
 8547.888889,
 8560.000000,
 8515.222222,
 8476.777778,
 8499.888889,
 8365.111111,
 8375.222222,
 8414.888889,
 8243.222222,
 8112.000000,
 8145.444444,
 8024.555556,
 7995.444444,
 7901.777778,
 7782.888889,
 7763.555556,
 7659.555556,
 7586.111111,
 7497.333333,
 7503.444444,
 7388.333333,
 7299.000000,
 7206.333333,
 7173.666667,
 7036.444444,
 7028.777778,
 6980.444444,
 6898.888889,
 6820.777778,
 6783.333333,
 6694.888889,
 6643.333333,
 6600.666667,
 6547.888889,
 6506.222222,
 6397.111111,
 6394.444444,
 6337.777778,
 6290.333333,
 6282.888889,
 6187.666667,
 6228.222222,
 6167.666667,
 6147.555556,
 6034.555556,
 6062.111111,
 6077.111111,
 5953.666667,
 5876.000000,
 5900.555556,
 5814.111111,
 5806.555556,
 5747.222222,
 5691.555556,
 5570.333333,
 5513.555556,
 5483.666667,
 5366.777778,
 5297.555556,
 5260.555556,
 5258.888889,
 5170.777778,
 5136.000000,
 5092.222222,
 5020.444444,
 4935.777778,
 4955.111111,
 4932.555556,
 4865.222222,
 4841.000000,
 4836.000000,
 4753.111111,
 4716.111111,
 4668.000000,
 4690.333333,
 4599.111111,
 4584.333333,
 4562.000000,
 4508.444444,
 4503.444444,
 4396.111111,
 4375.666667,
 4369.111111,
 4284.222222,
 4239.555556,
 4243.666667,
 4200.222222,
 4137.222222,
 4137.444444,
 4126.888889,
 4063.111111,
 4050.666667,
 3977.555556,
 3958.000000,
 3887.666667,
 3875.666667,
 3860.222222,
 3865.333333,
 3767.333333,
 3760.888889,
 3723.444444,
 3718.777778,
 3658.222222,
 3670.666667,
 3622.000000,
 3629.111111,
 3595.777778,
 3600.222222,
 3563.666667,
 3500.000000,
 3506.555556,
 3461.888889,
 3456.000000,
 3399.111111,
 3428.111111,
 3398.111111,
 3355.333333,
 3340.666667,
 3333.666667,
 3369.777778,
 3327.777778,
 3301.000000,
 3246.444444,
 3227.333333,
 3236.555556,
 3244.222222,
 3233.111111,
 3238.777778,
 3222.777778,
 3195.000000,
 3148.222222,
 3168.111111,
 3170.444444,
 3127.000000,
 3033.222222,
 3009.333333,
 2984.777778,
 2956.000000,
 3014.555556,
 2909.333333,
 2891.222222,
 2840.777778,
 2873.888889,
 2802.333333,
 2757.666667,
 2779.444444,
 2807.888889,
 2731.000000,
 2752.333333,
 2747.444444,
 2744.888889,
 2691.777778,
 2696.444444,
 2737.000000,
 2705.555556,
 2716.444444,
 2663.444444,
 2651.666667,
 2657.222222,
 2639.111111,
 2612.888889,
 2598.666667,
 2590.444444,
 2557.222222,
 2614.888889,
 2550.777778,
 2507.666667,
 2505.222222,
 2527.666667,
 2520.555556,
 2497.666667,
 2505.666667,
 2477.111111,
 2465.111111,
 2466.888889,
 2478.222222,
 2479.222222,
 2455.444444,
 2429.888889,
 2536.000000,
 2397.333333,
 2460.444444,
 2450.888889,
 2412.222222,
 2409.444444,
 2433.555556,
 2448.777778,
 2452.444444,
 2429.000000,
 2463.777778,
 2421.666667,
 2425.222222,
 2467.000000,
 2452.111111,
 2441.111111,
 2471.555556,
 2474.222222,
 2457.222222,
 2458.888889,
 2443.111111,
 2467.555556,
 2453.333333,
 2518.222222,
 2502.222222,
 2488.555556,
 2526.111111,
 2512.444444,
 2516.777778,
 2559.555556,
 2555.111111,
 2548.666667,
 2594.888889,
 2554.666667,
 2606.111111,
 2570.666667,
 2616.333333,
 2582.888889,
 2638.000000,
 2580.888889,
 2638.222222,
 2659.444444,
 2706.777778,
 2764.666667,
 2745.666667,
 2736.777778,
 2771.444444,
 2764.000000,
 2753.555556,
 2775.888889,
 2862.555556,
 2844.444444,
 2885.222222,
 2865.777778,
 2847.222222,
 2898.333333,
 2885.777778,
 2986.555556,
 2942.222222,
 2930.666667,
 2983.888889,
 3033.333333,
 2990.111111,
 2995.777778,
 3040.000000,
 3022.777778,
 3055.666667,
 3102.555556,
 3123.555556,
 3137.111111,
 3125.555556,
 3150.555556,
 3166.666667,
 3185.666667,
 3193.222222,
 3243.777778,
 3246.222222,
 3318.333333,
 3334.111111,
 3327.000000,
 3320.444444,
 3380.777778,
 3420.555556,
 3431.222222,
 3472.666667,
 3478.666667,
 3467.666667,
 3533.444444,
 3531.777778,
 3563.333333,
 3603.111111,
 3637.555556,
 3632.666667,
 3592.000000,
 3649.444444,
 3683.333333,
 3711.000000,
 3791.000000,
 3741.777778,
 3806.555556,
 3788.888889,
 3887.777778,
 3908.222222,
 3919.000000,
 3986.333333,
 3979.555556,
 4054.222222,
 4026.222222,
 4089.000000,
 4132.000000,
 4141.888889,
 4180.888889,
 4161.333333,
 4153.666667,
 4211.444444,
 4203.000000,
 4207.111111,
 4221.444444,
 4181.111111,
 4211.222222,
 4174.777778,
 4217.000000,
 4311.111111,
 4263.000000,
 4327.111111,
 4274.000000,
 4281.777778,
 4305.000000,
 4316.444444,
 4357.111111,
 4393.777778,
 4410.555556,
 4412.000000,
 4380.666667,
 4413.444444,
 4468.777778,
 4503.333333,
 4482.444444,
 4491.111111,
 4566.333333,
 4514.888889,
 4532.666667,
 4605.888889,
 4634.888889,
 4660.888889,
 4686.333333,
 4686.444444,
 4660.777778,
 4785.777778,
 4710.444444,
 4771.888889,
 4804.333333,
 4837.111111,
 4837.555556,
 4855.666667,
 4927.666667,
 4930.333333,
 4899.777778,
 4918.555556,
 4912.666667,
 4937.333333,
 4914.444444,
 4931.888889,
 4925.888889,
 4920.555556,
 4984.777778,
 4985.222222,
 4950.777778,
 5015.666667,
 4985.777778,
 4976.666667,
 4956.333333,
 4940.111111,
 4988.666667,
 5023.666667,
 5008.222222,
 5026.333333,
 5024.444444