1111.777778,
 1087.000000,
 1146.333333,
 1094.000000,
 1142.888889,
 1108.777778,
 1133.111111,
 1118.777778,
 1111.777778,
 1112.222222,
 1136.222222,
 1136.555556,
 1150.333333,
 1121.111111,
 1174.000000,
 1137.111111,
 1155.777778,
 1120.555556,
 1191.333333,
 1154.333333,
 1165.555556,
 1174.333333,
 1196.888889,
 1200.222222,
 1232.000000,
 1223.666667,
 1209.333333,
 1196.111111,
 1219.000000,
 1202.666667,
 1254.000000,
 1183.000000,
 1195.555556,
 1176.222222,
 1196.666667,
 1214.333333,
 1200.000000,
 1216.666667,
 1212.111111,
 1245.333333,
 1230.111111,
 1245.777778,
 1228.666667,
 1196.888889,
 1260.666667,
 1242.111111,
 1205.333333,
 1203.555556,
 1250.111111,
 1216.000000,
 1211.444444,
 1227.666667,
 1218.444444,
 1169.666667,
 1199.000000,
 1195.222222,
 1173.111111,
 1179.333333,
 1181.888889,
 1151.888889,
 1176.777778,
 1195.888889,
 1184.000000,
 1218.888889,
 1245.222222,
 1292.222222,
 1331.222222,
 1182.666667,
 1247.666667,
 1277.000000,
 1294.555556,
 1331.888889,
 1316.000000,
 1332.111111,
 1413.000000,
 1380.555556,
 1486.777778,
 1436.000000,
 1495.777778,
 1533.555556,
 1537.000000,
 1547.333333,
 1583.333333,
 1615.222222,
 1595.111111,
 1562.000000,
 1534.777778,
 1470.333333,
 1488.222222,
 1422.444444,
 1446.888889,
 1536.333333,
 1717.555556,
 1759.222222,
 1839.555556,
 1972.555556,
 2097.666667,
 2079.555556,
 2122.111111,
 2158.666667,
 2200.888889,
 2249.111111,
 2286.666667,
 2335.222222,
 2371.666667,
 2340.333333,
 2343.666667,
 2445.444444,
 2416.111111,
 2456.222222,
 2481.666667,
 2489.555556,
 2548.444444,
 2552.666667,
 2618.777778,
 2682.444444,
 2759.111111,
 2834.666667,
 2866.555556,
 2873.222222,
 2941.666667,
 2884.888889,
 2899.888889,
 2877.555556,
 2916.777778,
 2957.777778,
 3006.222222,
 3104.888889,
 3222.111111,
 3290.555556,
 3404.777778,
 3451.111111,
 3493.222222,
 3524.666667,
 3521.222222,
 3476.000000,
 3516.666667,
 3585.666667,
 3597.888889,
 3708.000000,
 3739.777778,
 3796.000000,
 3902.222222,
 3907.333333,
 3937.888889,
 3756.222222,
 3396.888889,
 2970.222222,
 2642.777778,
 2589.555556,
 2630.666667,
 2562.444444,
 3016.444444,
 3641.333333,
 4002.333333,
 4432.444444,
 4949.555556,
 5227.333333,
 5383.666667,
 5325.666667,
 5342.000000,
 5297.444444,
 5348.000000,
 5456.888889,
 5631.888889,
 5849.666667,
 6026.000000,
 6090.777778,
 6261.000000,
 6446.000000,
 6797.111111,
 6956.777778,
 6967.888889,
 6942.444444,
 6955.222222,
 6937.000000,
 6973.777778,
 7088.777778,
 7171.888889,
 7410.444444,
 7538.888889,
 7671.333333,
 7786.111111,
 7823.888889,
 7957.333333,
 7929.222222,
 8214.555556,
 8258.666667,
 8386.777778,
 8469.444444,
 8578.777778,
 8667.666667,
 8817.111111,
 8997.888889,
 9057.333333,
 9220.555556,
 9413.444444,
 9476.555556,
 9666.111111,
 9847.222222,
 9976.555556,
 10205.000000,
 10426.444444,
 10620.000000,
 10801.555556,
 10941.333333,
 11206.777778,
 11384.333333,
 11551.444444,
 11548.333333,
 11548.111111,
 11434.555556,
 11249.777778,
 10835.888889,
 10204.888889,
 9077.666667,
 7726.000000,
 7133.333333,
 7789.222222,
 8527.333333,
 8791.666667,
 10200.111111,
 12118.111111,
 13791.666667,
 15491.555556,
 16847.777778,
 17422.666667,
 17828.333333,
 18453.111111,
 19241.111111,
 20082.000000,
 21083.444444,
 22106.333333,
 23368.777778,
 24400.444444,
 25741.000000,
 26752.888889,
 27932.888889,
 28762.000000,
 28996.111111,
 28869.222222,
 28079.888889,
 27202.000000,
 26042.111111,
 25084.222222,
 24257.666667,
 23600.888889,
 23162.666667,
 22754.444444,
 22654.000000,
 22540.333333,
 22470.111111,
 22275.333333,
 21950.666667,
 21456.444444,
 20677.555556,
 20168.666667,
 19536.333333,
 19112.444444,
 18799.444444,
 18470.222222,
 18236.666667,
 18238.888889,
 18191.777778,
 18326.000000,
 18413.666667,
 18545.111111,
 18938.000000,
 18992.888889,
 19152.111111,
 18986.888889,
 18938.333333,
 18885.777778,
 18756.444444,
 18642.555556,
 18427.777778,
 18448.666667,
 18519.666667,
 18612.111111,
 18733.777778,
 19167.666667,
 19503.111111,
 19602.222222,
 19459.222222,
 19278.888889,
 19021.222222,
 18610.555556,
 18408.000000,
 18298.777778,
 18297.000000,
 18526.000000,
 18653.333333,
 18813.000000,
 18855.333333,
 18743.111111,
 18563.222222,
 18457.444444,
 18485.222222,
 18460.333333,
 18457.888889,
 18436.000000,
 18524.111111,
 18643.222222,
 18916.888889,
 19023.888889,
 19290.777778,
 19575.000000,
 19925.333333,
 20323.222222,
 20583.222222,
 21151.000000,
 21600.777778,
 22295.000000,
 22826.222222,
 23234.333333,
 23911.444444,
 24588.333333,
 25185.666667,
 25788.888889,
 26381.111111,
 26981.666667,
 27175.222222,
 27026.444444,
 26910.111111,
 26349.222222,
 25639.666667,
 25033.222222,
 24430.333333,
 23676.666667,
 23163.555556,
 22683.222222,
 22222.555556,
 21909.333333,
 21944.555556,
 21828.777778,
 21689.333333,
 21800.333333,
 21945.444444,
 22139.555556,
 22288.111111,
 22700.222222,
 23129.777778,
 23676.555556,
 24467.555556,
 25272.555556,
 26209.000000,
 27152.333333,
 28319.111111,
 29593.000000,
 30346.555556,
 30514.888889,
 30058.444444,
 28990.111111,
 27990.888889,
 27113.888889,
 26068.777778,
 25458.333333,
 24870.777778,
 24271.000000,
 23687.000000,
 23079.000000,
 22548.111111,
 21824.000000,
 21177.666667,
 20642.777778,
 20062.555556,
 19703.555556,
 19204.555556,
 18846.000000,
 18385.333333,
 18204.555556,
 17956.555556,
 17910.333333,
 17847.111111,
 17743.444444,
 17696.555556,
 17642.444444,
 17853.666667,
 18127.333333,
 18353.666667,
 18511.444444,
 18724.555556,
 18611.444444,
 18349.222222,
 17864.666667,
 17516.111111,
 17212.111111,
 16820.444444,
 16503.777778,
 16188.777778,
 16004.444444,
 15756.777778,
 15660.333333,
 15607.555556,
 15506.222222,
 15571.555556,
 15471.000000,
 15552.111111,
 15453.444444,
 15427.444444,
 15523.111111,
 15654.222222,
 15684.777778,
 15772.888889,
 16089.000000,
 16194.111111,
 16253.333333,
 16509.666667,
 16747.666667,
 16909.000000,
 17165.333333,
 17547.222222,
 18018.555556,
 18427.111111,
 18764.111111,
 18928.777778,
 18965.555556,
 19280.666667,
 19410.666667,
 19774.444444,
 20357.111111,
 20880.333333,
 21504.888889,
 21993.111111,
 22653.888889,
 23056.333333,
 23682.000000,
 24441.444444,
 25284.111111,
 26088.111111,
 26831.444444,
 26904.666667,
 26666.666667,
 25866.555556,
 24915.000000,
 24079.888889,
 23347.444444,
 22570.777778,
 21867.222222,
 21106.222222,
 20605.555556,
 20139.888889,
 19762.555556,
 19511.333333,
 19170.111111,
 19043.444444,
 18842.777778,
 18851.111111,
 18594.333333,
 18446.555556,
 18322.555556,
 17924.222222,
 17940.555556,
 17721.777778,
 17478.000000,
 17268.555556,
 17143.555556,
 16906.000000,
 16807.888889,
 16724.333333,
 16666.555556,
 16699.777778,
 16633.111111,
 16754.555556,
 16760.444444,
 16890.555556,
 17103.888889,
 17216.777778,
 17659.555556,
 17928.000000,
 18278.111111,
 18562.111111,
 18782.444444,
 18832.888889,
 18689.000000,
 18460.666667,
 18229.222222,
 18108.555556,
 17723.000000,
 17935.888889,
 17836.111111,
 17817.111111,
 18011.111111,
 17937.555556,
 17976.000000,
 17851.666667,
 17889.000000,
 17928.222222,
 18008.333333,
 17881.555556,
 17916.666667,
 17938.222222,
 18013.666667,
 17903.777778,
 17942.777778,
 18005.777778,
 18249.888889,
 18497.000000,
 19050.444444,
 19673.000000,
 20455.555556,
 21417.000000,
 22403.000000,
 22848.888889,
 22695.333333,
 22301.333333,
 21585.000000,
 20948.000000,
 20578.888889,
 20037.222222,
 19692.777778,
 19556.666667,
 19239.222222,
 19069.111111,
 18840.888889,
 18650.555556,
 18403.777778,
 18322.666667,
 18276.000000,
 18043.444444,
 18028.333333,
 17815.888889,
 17727.333333,
 17682.666667,
 17651.444444,
 17632.333333,
 17831.555556,
 17920.666667,
 18244.222222,
 18393.222222,
 18782.777778,
 19015.222222,
 19217.111111,
 19263.000000,
 19283.888889,
 19659.333333,
 19962.555556,
 19915.000000,
 20195.666667,
 20189.222222,
 20310.444444,
 20334.000000,
 20386.222222,
 20220.666667,
 20261.111111,
 20353.111111,
 20373.222222,
 20308.222222,
 20483.666667,
 20500.888889,
 20729.333333,
 20885.555556,
 21047.333333,
 21275.777778,
 21392.888889,
 21609.666667,
 21807.444444,
 22150.111111,
 22271.444444,
 22676.333333,
 22923.111111,
 23254.333333,
 23593.333333,
 23908.888889,
 24381.555556,
 24851.666667,
 25102.777778,
 25874.111111,
 26070.444444,
 26466.555556,
 27033.333333,
 27509.111111,
 28226.777778,
 28395.333333,
 28576.333333,
 28278.333333,
 27884.333333,
 27499.111111,
 27590.888889,
 27296.888889,
 27044.333333,
 27182.111111,
 27266.666667,
 27587.000000,
 27890.888889,
 28185.000000,
 28647.777778,
 28813.111111,
 28742.222222,
 28760.222222,
 28713.777778,
 28628.333333,
 28889.333333,
 29229.000000,
 29617.222222,
 29825.888889,
 30326.222222,
 30304.777778,
 30372.000000,
 30362.222222,
 30563.111111,
 30796.222222,
 30676.888889,
 30305.777778,
 30219.888889,
 29814.555556,
 29494.000000,
 29038.888889,
 28933.555556,
 28745.222222,
 28747.555556,
 28544.555556,
 28596.555556,
 28513.111111,
 28563.444444,
 28581.777778,
 28641.000000,
 28884.444444,
 28904.888889,
 29122.111111,
 29460.222222,
 29851.666667,
 30502.444444,
 31027.000000,
 31505.000000,
 31577.000000,
 31540.888889,
 31566.666667,
 31355.444444,
 31130.888889,
 30903.555556,
 30564.444444,
 30551.888889,
 30438.444444,
 30461.444444,
 30404.777778,
 30156.333333,
 30002.666667,
 29894.666667,
 29696.222222,
 29751.000000,
 29737.222222,
 29874.777778,
 29843.555556,
 30124.888889,
 30278.444444,
 30600.777778,
 30839.555556,
 31252.444444,
 31425.333333,
 31803.666667,
 32300.111111,
 32759.888889,
 32761.555556,
 32964.888889,
 32878.333333,
 32794.666667,
 32747.666667,
 32853.777778,
 32851.111111,
 33054.888889,
 33037.111111,
 33092.000000,
 33362.000000,
 33723.111111,
 33937.333333,
 33932.888889,
 34084.444444,
 34126.222222,
 34082.333333,
 33954.555556,
 33590.000000,
 33574.888889,
 33161.111111,
 32802.666667,
 32637.333333,
 32134.666667,
 31734.777778,
 31279.666667,
 30986.888889,
 30816.000000,
 30487.000000,
 30220.888889,
 29861.000000,
 29725.000000,
 29449.888889,
 29275.000000,
 29040.111111,
 28960.333333,
 28705.222222,
 28445.000000,
 28412.222222,
 28304.444444,
 28026.777778,
 27965.777778,
 27980.444444,
 27790.777778,
 27826.333333,
 27894.333333,
 27933.555556,
 27978.888889,
 27793.666667,
 27833.333333,
 27625.666667,
 27393.222222,
 27102.222222,
 26846.777778,
 26688.666667,
 26397.888889,
 26344.333333,
 26109.000000,
 25960.555556,
 25952.555556,
 25996.444444,
 26115.111111,
 25673.666667,
 25603.000000,
 25637.000000,
 25592.333333,
 25477.333333,
 25429.111111,
 25406.000000,
 25547.555556,
 25579.888889,
 25588.333333,
 25847.333333,
 25941.666667,
 26076.333333,
 26213.888889,
 26476.444444,
 26372.444444,
 26285.888889,
 26272.888889,
 26351.222222,
 26393.000000,
 26368.444444,
 26526.222222,
 26845.666667,
 26989.777778,
 27245.111111,
 27796.111111,
 27954.666667,
 28282.222222,
 28473.777778,
 28643.666667,
 29005.111111,
 28879.333333,
 28897.888889,
 28795.000000,
 28812.111111,
 28823.333333,
 28644.444444,
 28871.555556,
 28695.222222,
 28788.333333,
 28836.222222,
 28546.777778,
 28519.000000,
 28615.333333,
 28459.444444,
 28673.888889,
 28617.444444,
 28620.111111,
 28747.666667,
 28725.444444,
 28912.000000,
 28594.888889,
 28736.333333,
 28513.666667,
 28510.555556,
 28323.333333,
 28295.333333,
 28241.555556,
 28260.000000,
 28360.000000,
 28433.111111,
 28543.555556,
 28697.666667,
 29131.666667,
 29310.555556,
 29716.555556,
 30165.444444,
 30679.222222,
 31230.444444,
 31955.000000,
 32145.888889,
 32425.666667,
 32176.222222,
 31847.333333,
 31349.000000,
 30829.555556,
 30542.666667,
 30050.000000,
 29801.111111,
 29462.444444,
 29137.000000,
 29034.555556,
 28779.666667,
 28700.777778,
 28657.777778,
 28568.000000,
 28388.444444,
 28371.222222,
 28365.444444,
 28161.888889,
 28162.666667,
 27993.444444,
 28147.222222,
 28020.000000,
 28200.888889,
 28484.000000,
 28536.333333,
 28866.777778,
 28833.444444,
 28904.444444,
 29023.444444,
 28934.777778,
 28796.222222,
 28662.888889,
 28268.888889,
 28247.888889,
 27833.777778,
 27706.222222,
 27334.444444,
 27231.555556,
 27042.000000,
 26971.111111,
 26891.333333,
 26711.000000,
 26789.000000,
 26662.777778,
 26665.111111,
 26662.222222,
 26746.000000,
 26816.222222,
 27001.555556,
 27101.111111,
 27219.444444,
 27624.111111,
 27766.333333,
 27870.888889,
 28317.111111,
 28528.444444,
 29010.333333,
 29356.333333,
 29802.222222,
 30085.666667,
 30375.444444,
 30521.888889,
 30384.111111,
 30320.444444,
 30154.000000,
 29828.666667,
 29465.333333,
 29120.222222,
 28814.888889,
 28530.777778,
 28280.333333,
 28010.555556,
 28073.777778,
 27932.222222,
 27828.444444,
 27806.444444,
 27654.000000,
 27491.111111,
 26980.888889,
 26636.222222,
 26267.000000,
 26131.666667,
 25644.777778,
 25557.777778,
 25138.777778,
 24864.222222,
 24655.333333,
 24558.888889,
 24164.555556,
 24050.777778,
 24015.444444,
 23901.111111,
 23904.222222,
 23716.000000,
 23885.333333,
 23580.222222,
 23492.222222,
 23401.444444,
 23305.666667,
 23359.888889,
 23233.666667,
 23164.333333,
 23028.222222,
 23005.777778,
 22923.111111,
 22896.666667,
 22865.888889,
 22784.222222,
 22689.888889,
 22855.333333,
 22915.555556,
 22923.333333,
 22836.888889,
 22910.222222,
 22853.111111,
 23053.333333,
 23068.111111,
 23045.000000,
 23031.222222,
 23126.444444,
 22969.333333,
 22843.777778,
 22862.111111,
 22639.888889,
 22653.111111,
 22467.777778,
 22155.555556,
 21942.111111,
 21737.777778,
 21497.444444,
 21242.000000,
 20966.222222,
 20764.333333,
 20412.222222,
 20305.000000,
 20254.333333,
 19934.333333,
 19706.333333,
 19519.555556,
 19353.111111,
 19026.000000,
 18862.888889,
 18820.888889,
 18602.222222,
 18426.666667,
 18274.888889,
 18181.444444,
 18085.333333,
 17950.444444,
 17794.666667,
 17745.444444,
 17700.666667,
 17620.000000,
 17558.777778,
 17571.444444,
 17578.111111,
 17448.666667,
 17423.222222,
 17248.222222,
 16984.333333,
 17006.888889,
 16909.555556,
 16690.888889,
 16589.444444,
 16390.555556,
 16228.777778,
 16007.222222,
 15912.555556,
 15775.777778,
 15617.666667,
 15441.444444,
 15445.777778,
 15240.222222,
 15237.888889,
 15225.666667,
 15079.888889,
 14971.111111,
 14980.222222,
 14862.000000,
 14821.000000,
 14806.000000,
 14715.777778,
 14623.333333,
 14493.888889,
 14495.111111,
 14301.777778,
 14270.000000,
 14196.444444,
 14115.888889,
 14066.111111,
 14038.888889,
 14067.666667,
 14101.666667,
 14116.333333,
 14108.666667,
 14116.555556,
 14181.777778,
 14277.333333,
 14267.333333,
 14316.000000,
 14190.222222,
 14231.777778,
 14229.666667,
 14190.777778,
 14112.888889,
 13933.333333,
 13835.888889,
 13704.333333,
 13521.555556,
 13347.888889,
 13236.000000,
 13096.666667,
 12905.666667,
 12784.555556,
 12534.555556,
 12343.777778,
 12143.111111,
 12058.111111,
 11774.222222,
 11670.555556,
 11484.666667,
 11315.000000,
 11155.222222,
 11058.333333,
 10958.444444,
 10862.888889,
 10693.444444,
 10608.222222,
 10596.777778,
 10460.222222,
 10415.000000,
 10356.333333,
 10228.000000,
 10185.222222,
 10128.777778,
 10097.555556,
 9999.111111,
 9898.888889,
 9848.888889,
 9779.888889,
 9643.222222,
 9591.555556,
 9489.333333,
 9422.444444,
 9290.333333,
 9193.777778,
 9071.777778,
 8972.888889,
 8839.666667,
 8805.444444,
 8753.333333,
 8658.222222,
 8617.777778,
 8623.222222,
 8514.777778,
 8427.888889,
 8420.111111,
 8359.222222,
 8314.000000,
 8282.000000,
 8226.111111,
 8238.000000,
 8139.333333,
 8151.444444,
 8087.111111,
 7944.888889,
 7881.111111,
 7849.666667,
 7678.777778,
 7562.444444,
 7549.777778,
 7455.111111,
 7487.888889,
 7407.555556,
 7315.777778,
 7265.777778,
 7194.000000,
 7221.333333,
 7111.000000,
 7097.000000,
 7082.222222,
 6952.888889,
 6868.777778,
 6860.111111,
 6715.444444,
 6741.666667,
 6749.222222,
 6737.000000,
 6741.333333,
 6746.000000,
 6691.555556,
 6684.111111,
 6623.777778,
 6510.000000,
 6361.111111,
 6297.666667,
 6127.444444,
 6031.111111,
 5906.777778,
 5852.777778,
 5754.222222,
 5681.777778,
 5679.888889,
 5648.444444,
 5678.777778,
 5656.000000,
 5676.222222,
 5700.111111,
 5791.000000,
 5747.888889,
 5717.555556,
 5843.777778,
 5742.000000,
 5789.333333,
 5816.555556,
 5907.000000,
 5878.666667,
 6023.111111,
 6077.777778,
 6100.777778,
 6138.111111,
 6155.888889,
 6176.555556,
 6036.222222,
 6005.444444,
 5907.000000,
 5856.888889,
 5764.666667,
 5684.777778,
 5544.111111,
 5491.777778,
 5427.111111,
 5392.222222,
 5363.777778,
 5342.222222,
 5333.000000,
 5298.222222,
 5367.333333,
 5347.000000,
 5339.111111,
 5358.222222,
 5332.222222,
 5324.888889,
 5295.111111,
 5282.333333,
 5275.777778,
 5227.666667,
 5177.000000,
 5251.888889,
 5235.777778,
 5307.444444,
 5377.111111,
 5483.000000,
 5446.666667,
 5463.777778,
 5586.555556,
 5534.555556,
 5592.444444,
 5690.333333,
 5787.000000,
 5809.444444,
 5876.333333,
 5914.777778,
 5966.888889,
 6045.222222,
 6065.888889,
 6070.666667,
 6085.888889,
 6171.777778,
 6147.444444,
 6178.888889,
 6214.888889,
 6237.000000,
 6230.666667,
 6190.888889,
 6208.666667,
 6206.777778,
 6244.777778,
 6203.555556,
 6258.555556,
 6242.333333,
 6280.777778,
 6296.444444,
 6338.111111,
 6479.000000,
 6562.222222,
 6635.444444,
 6662.333333,
 6779.666667,
 6941.000000,
 6984.888889,
 7117.111111,
 7134.666667,
 7242.777778,
 7311.000000,
 7355.000000,
 7428.111111,
 7469.111111,
 7509.777778,
 7618.000000,
 7634.111111,
 7627.888889,
 7710.111111,
 7714.888889,
 7875.555556,
 7829.000000,
 7876.555556,
 7994.777778,
 8066.555556,
 8109.666667,
 8167.777778,
 8128.555556,
 8166.222222,
 8209.333333,
 8232.222222,
 8246.666667,
 8325.111111,
 8310.888889,
 8357.888889,
 8392.888889,
 8419.333333,
 8400.222222,
 8471.555556,
 8476.444444,
 8444.666667,
 8570.000000,
 8582.000000,
 8567.444444,
 8614.444444,
 8716.000000,
 8738.555556,
 8737.000000,
 8762.888889,
 8740.333333,
 8871.111111,
 8839.888889,
 8772.444444,
 8724.333333,
 8683.222222,
 8645.222222,
 8580.888889,
 8588.777778,
 8538.111111,
 8613.777778,
 8590.333333,
 8586.555556,
 8606.777778,
 8608.777778,
 8648.111111,
 8674.000000,
 8726.333333,
 8710.777778,
 8810.777778,
 8879.111111,
 8869.000000,
 8940.333333,
 8966.444444,
 8935.777778,
 9045.111111,
 9018.888889,
 8944.111111,
 8933.111111,
 8877.555556,
 8811.888889,
 8789.222222,
 8834.777778,
 8770.333333,
 8757.888889,
 8692.666667,
 8833.222222,
 8763.000000,
 8707.111111,
 8712.111111,
 8748.111111,
 8794.444444,
 8738.888889,
 8712.333333,
 8748.333333,
 8732.777778,
 8796.000000,
 8724.888889,
 8713.000000,
 8712.222222,
 8678.333333,
 8628.777778,
 8656.555556,
 8624.444444,
 8620.888889,
 8682.777778,
 8700.333333,
 8752.222222,
 8756.555556,
 8847.222222,
 8889.444444,
 8939.888889,
 9029.000000,
 9098.111111,
 9234.666667,
 9261.222222,
 9314.000000,
 9450.888889,
 9544.666667,
 9635.777778,
 9735.444444,
 9782.333333,
 9897.111111,
 9940.111111,
 10038.888889,
 10055.777778,
 10072.888889,
 10164.111111,
 10195.111111,
 10274.333333,
 10215.000000,
 10280.555556,
 10355.111111,
 10383.000000,
 10347.666667,
 10398.777778,
 10425.111111,
 10413.888889,
 10435.777778,
 10505.888889,
 10509.555556,
 10504.555556,
 10621.111111,
 10643.111111,
 10679.888889,
 10765.222222,
 10800.444444,
 10890.333333,
 11028.444444,
 11110.444444,
 11165.222222,
 11204.666667,
 11277.888889,
 11278.222222,
 11350.222222,
 11275.222222,
 11277.888889,
 11222.888889,
 11086.000000,
 10950.111111,
 10888.666667,
 10892.666667,
 10769.333333,
 10749.555556,
 10757.111111,
 10835.444444,
 10817.666667,
 10846.888889,
 10898.333333,
 10972.111111,
 11091.777778,
 11133.444444,
 11199.000000,
 11146.333333,
 11126.888889,
 11157.777778,
 11121.666667,
 11045.666667,
 11007.333333,
 10896.333333,
 10841.111111,
 10737.666667,
 10688.111111,
 10643.444444,
 10545.111111,
 10483.000000,
 10531.444444,
 10372.444444,
 10352.444444,
 10268.333333,
 10177.666667,
 10295.222222,
 10124.333333,
 10049.666667,
 9953.444444,
 9963.555556,
 10038.888889,
 9903.111111,
 9772.777778,
 9766.444444,
 9762.555556,
 9687.666667,
 9635.555556,
 9617.111111,
 9567.000000,
 9540.444444,
 9502.000000,
 9534.777778,
 9526.555556,
 9399.666667,
 9394.222222,
 9381.000000,
 9367.333333,
 9354.222222,
 9369.222222,
 9278.333333,
 9352.777778,
 9283.555556,
 9270.444444,
 9148.222222,
 9233.333333,
 9253.222222,
 9148.000000,
 9147.666667,
 9073.444444,
 9069.555556,
 9001.888889,
 9014.555556,
 8935.888889,
 8908.111111,
 8949.333333,
 8880.000000,
 8817.777778,
 8770.777778,
 8678.444444,
 8722.555556,
 8665.666667,
 8694.888889,
 8596.000000,
 8603.777778,
 8551.777778,
 8547.555556,
 8537.666667,
 8636.000000,
 8569.444444,
 8531.111111,
 8591.444444,
 8517.888889,
 8553.888889,
 8525.666667,
 8455.777778,
 8369.444444,
 8365.555556,
 8331.333333,
 8395.111111,
 8184.222222,
 8120.111111,
 8105.111111,
 8043.444444,
 7948.111111,
 7876.000000,
 7800.000000,
 7767.888889,
 7677.444444,
 7622.000000,
 7509.222222,
 7443.555556,
 7386.222222,
 7291.111111,
 7259.666667,
 7230.666667,
 7088.555556,
 7040.444444,
 7017.000000,
 6955.333333,
 6840.333333,
 6804.222222,
 6751.444444,
 6657.777778,
 6629.666667,
 6623.111111,
 6590.111111,
 6456.777778,
 6471.111111,
 6429.000000,
 6357.555556,
 6311.222222,
 6252.333333,
 6284.000000,
 6254.111111,
 6224.666667,
 6141.111111,
 6138.111111,
 6150.222222,
 6080.444444,
 5987.333333,
 6035.555556,
 5916.444444,
 5839.333333,
 5805.333333,
 5778.888889,
 5676.000000,
 5572.222222,
 5543.555556,
 5515.888889,
 5387.000000,
 5392.555556,
 5322.000000,
 5264.666667,
 5223.888889,
 5192.777778,
 5172.555556,
 5094.222222,
 5083.222222,
 5027.666667,
 4983.666667,
 4967.222222,
 4955.111111,
 4861.666667,
 4816.333333,
 4776.777778,
 4813.666667,
 4684.111111,
 4721.666667,
 4657.888889,
 4620.333333,
 4593.333333,
 4544.222222,
 4510.222222,
 4512.444444,
 4404.222222,
 4420.555556,
 4396.000000,
 4321.777778,
 4268.222222,
 4254.555556,
 4251.666667,
 4218.888889,
 4199.666667,
 4155.333333,
 4099.000000,
 4032.777778,
 4046.888889,
 4011.444444,
 4023.444444,
 3931.222222,
 3893.666667,
 3903.222222,
 3844.444444,
 3827.555556,
 3792.666667,
 3835.666667,
 3776.555556,
 3773.111111,
 3772.555556,
 3729.222222,
 3640.444444,
 3672.000000,
 3595.333333,
 3588.777778,
 3578.555556,
 3590.444444,
 3555.777778,
 3552.333333,
 3555.888889,
 3490.555556,
 3572.555556,
 3457.555556,
 3494.333333,
 3433.888889,
 3424.222222,
 3416.666667,
 3406.888889,
 3413.333333,
 3426.000000,
 3368.111111,
 3397.666667,
 3342.111111,
 3389.222222,
 3339.555556,
 3294.222222,
 3196.222222,
 3202.000000,
 3171.666667,
 3147.777778,
 3202.777778,
 3071.111111,
 3051.333333,
 3033.888889,
 3070.888889,
 2968.555556,
 2942.777778,
 2952.333333,
 2970.000000,
 2893.555556,
 2915.000000,
 2928.555556,
 2908.666667,
 2874.666667,
 2882.000000,
 2917.222222,
 2860.888889,
 2870.888889,
 2810.666667,
 2797.000000,
 2833.555556,
 2795.888889,
 2756.000000,
 2750.888889,
 2755.666667,
 2721.222222,
 2755.222222,
 2667.555556,
 2692.333333,
 2647.555556,
 2672.444444,
 2670.666667,
 2653.888889,
 2636.000000,
 2641.888889,
 2615.333333,
 2606.000000,
 2627.111111,
 2586.555556,
 2599.444444,
 2537.555556,
 2658.888889,
 2493.000000,
 2560.000000,
 2565.777778,
 2507.444444,
 2515.444444,
 2544.444444,
 2521.777778,
 2544.444444,
 2543.000000,
 2532.000000,
 2522.777778,
 2508.444444,
 2561.333333,
 2542.555556,
 2525.555556,
 2572.888889,
 2567.888889,
 2569.555556,
 2560.666667,
 2515.111111,
 2519.444444,
 2545.555556,
 2565.222222,
 2584.777778,
 2558.111111,
 2581.666667,
 2587.111111,
 2593.888889,
 2610.666667,
 2606.222222,
 2614.444444,
 2660.777778,
 2600.444444,
 2642.666667,
 2641.444444,
 2683.222222,
 2644.111111,
 2684.111111,
 2680.333333,
 2683.222222,
 2703.444444,
 2726.222222,
 2786.888889,
 2789.888889,
 2828.888889,
 2806.777778,
 2803.333333,
 2784.555556,
 2838.666667,
 2870.333333,
 2872.888889,
 2868.555556,
 2882.222222,
 2883.777778,
 2890.777778,
 2900.333333,
 2991.444444,
 2944.444444,
 2982.444444,
 2995.222222,
 3013.222222,
 2996.111111,
 3017.888889,
 3033.555556,
 3050.222222,
 3087.666667,
 3104.333333,
 3108.000000,
 3121.333333,
 3134.222222,
 3165.111111,
 3153.777778,
 3162.222222,
 3170.666667,
 3201.777778,
 3247.888889,
 3318.555556,
 3297.777778,
 3357.333333,
 3299.333333,
 3336.222222,
 3386.111111,
 3422.444444,
 3431.777778,
 3436.777778,
 3461.777778,
 3498.888889,
 3496.333333,
 3506.000000,
 3567.666667,
 3578.444444,
 3589.777778,
 3557.444444,
 3627.666667,
 3677.666667,
 3678.555556,
 3759.666667,
 3729.777778,
 3799.333333,
 3749.666667,
 3780.888889,
 3804.444444,
 3872.777778,
 3916.888889,
 3925.222222,
 3990.111111,
 3970.111111,
 4028.111111,
 4070.333333,
 4049.222222,
 4086.777778,
 4105.333333,
 4059.111111,
 4103.000000,
 4114.777778,
 4128.666667,
 4108.000000,
 4126.777778,
 4144.555556,
 4122.444444,
 4116.222222,
 4204.777778,
 4182.333333,
 4256.777778,
 4187.000000,
 4163.000000,
 4206.222222,
 4204.777778,
 4244.222222,
 4299.666667,
 4310.555556,
 4348.555556,
 4280.555556,
 4307.111111,
 4386.888889,
 4408.555556,
 4397.333333,
 4398.111111,
 4428.444444,
 4423.222222,
 4478.666667,
 4528.333333,
 4538.000000,
 4542.555556,
 4593.111111,
 4610.666667,
 4596.111111,
 4700.333333,
 4630.000000,
 4648.333333,
 4722.000000,
 4723.111111,
 4706.555556,
 4758.222222,
 4776.555556,
 4815.333333,
 4801.777778,
 4810.111111,
 4832.111111,
 4810.222222,
 4835.555556,
 4830.888889,
 4868.666667,
 4819.333333,
 4873.333333,
 4857.333333,
 4836.000000,
 4922.777778,
 4851.000000,
 4900.888889,
 4811.000000,
 4837.222222,
 4874.666667,
 4890.333333,
 4898.111111,
 4904.555556,
 4911.111111