1124.777778,
 1095.666667,
 1152.222222,
 1090.222222,
 1146.333333,
 1105.666667,
 1145.777778,
 1111.666667,
 1129.333333,
 1117.333333,
 1137.444444,
 1149.555556,
 1149.555556,
 1107.777778,
 1167.111111,
 1124.666667,
 1168.333333,
 1132.555556,
 1173.666667,
 1169.000000,
 1150.777778,
 1172.555556,
 1203.111111,
 1201.888889,
 1234.111111,
 1227.777778,
 1203.000000,
 1197.555556,
 1210.111111,
 1191.000000,
 1262.666667,
 1173.000000,
 1203.444444,
 1178.777778,
 1185.000000,
 1202.222222,
 1219.000000,
 1218.111111,
 1217.777778,
 1221.777778,
 1228.222222,
 1244.333333,
 1219.444444,
 1195.222222,
 1257.111111,
 1247.000000,
 1222.555556,
 1199.666667,
 1232.777778,
 1222.444444,
 1227.777778,
 1230.333333,
 1207.888889,
 1173.222222,
 1210.111111,
 1184.666667,
 1182.777778,
 1179.111111,
 1193.000000,
 1158.555556,
 1178.777778,
 1198.444444,
 1180.000000,
 1215.333333,
 1248.444444,
 1306.222222,
 1330.888889,
 1175.444444,
 1233.000000,
 1280.000000,
 1275.666667,
 1310.222222,
 1325.111111,
 1325.000000,
 1408.222222,
 1363.777778,
 1478.111111,
 1396.444444,
 1474.333333,
 1506.444444,
 1512.666667,
 1505.222222,
 1527.111111,
 1553.111111,
 1522.000000,
 1484.444444,
 1455.444444,
 1391.444444,
 1425.222222,
 1332.444444,
 1368.666667,
 1455.444444,
 1608.333333,
 1675.111111,
 1744.777778,
 1879.444444,
 2028.555556,
 1975.000000,
 2030.777778,
 2086.111111,
 2122.666667,
 2144.444444,
 2151.666667,
 2195.000000,
 2273.444444,
 2225.888889,
 2256.444444,
 2307.000000,
 2269.333333,
 2308.666667,
 2341.111111,
 2367.777778,
 2403.333333,
 2413.888889,
 2460.444444,
 2532.555556,
 2623.444444,
 2671.000000,
 2670.666667,
 2719.666667,
 2720.555556,
 2723.444444,
 2708.444444,
 2698.222222,
 2750.111111,
 2780.444444,
 2843.111111,
 2877.888889,
 2987.333333,
 3053.000000,
 3226.222222,
 3239.888889,
 3257.111111,
 3281.444444,
 3302.333333,
 3296.444444,
 3282.111111,
 3347.777778,
 3357.444444,
 3411.333333,
 3461.777778,
 3537.666667,
 3565.888889,
 3590.222222,
 3538.222222,
 3334.888889,
 2967.444444,
 2590.333333,
 2266.777778,
 2226.111111,
 2203.222222,
 2222.444444,
 2593.111111,
 3278.000000,
 3632.888889,
 4074.222222,
 4551.222222,
 4913.222222,
 4962.555556,
 4968.000000,
 4958.444444,
 4921.333333,
 4964.777778,
 5008.555556,
 5226.222222,
 5375.222222,
 5576.888889,
 5659.111111,
 5824.444444,
 5932.222222,
 6290.222222,
 6476.555556,
 6531.666667,
 6482.888889,
 6454.000000,
 6462.666667,
 6465.444444,
 6583.000000,
 6678.000000,
 6831.111111,
 6987.333333,
 7048.444444,
 7182.000000,
 7247.333333,
 7383.111111,
 7377.111111,
 7555.666667,
 7677.666667,
 7816.000000,
 7843.888889,
 7952.888889,
 8065.666667,
 8241.222222,
 8360.222222,
 8484.222222,
 8563.888889,
 8710.444444,
 8716.666667,
 8928.666667,
 9024.000000,
 9256.555556,
 9539.111111,
 9612.666667,
 9763.000000,
 10000.777778,
 10103.222222,
 10381.000000,
 10501.000000,
 10661.333333,
 10679.333333,
 10693.222222,
 10554.111111,
 10247.333333,
 9706.000000,
 8940.555556,
 7688.555556,
 6297.333333,
 5717.888889,
 6275.444444,
 6943.666667,
 7177.555556,
 8476.111111,
 10538.000000,
 12372.555556,
 14088.333333,
 15556.777778,
 16140.444444,
 16495.111111,
 17175.888889,
 17885.222222,
 18726.000000,
 19557.111111,
 20572.555556,
 21716.666667,
 22639.444444,
 23872.000000,
 25038.777778,
 26001.333333,
 26777.888889,
 26950.333333,
 26812.333333,
 26053.333333,
 25223.111111,
 24085.000000,
 23318.444444,
 22591.111111,
 21846.777778,
 21477.555556,
 21160.888889,
 21013.777778,
 21024.111111,
 20770.444444,
 20681.666667,
 20414.222222,
 20062.111111,
 19237.222222,
 18732.000000,
 18218.000000,
 17751.777778,
 17488.444444,
 17338.888889,
 17036.111111,
 16929.555556,
 16935.555556,
 17070.444444,
 17317.666667,
 17420.555556,
 17615.000000,
 17801.000000,
 17876.333333,
 17851.000000,
 17731.111111,
 17606.222222,
 17574.333333,
 17386.666667,
 17384.444444,
 17354.000000,
 17319.888889,
 17306.777778,
 17597.111111,
 17931.111111,
 18188.111111,
 18386.333333,
 18230.444444,
 18037.222222,
 17775.222222,
 17474.222222,
 17287.555556,
 17115.777778,
 17201.333333,
 17352.333333,
 17485.444444,
 17647.000000,
 17639.777778,
 17561.111111,
 17425.000000,
 17377.444444,
 17330.333333,
 17271.111111,
 17364.666667,
 17318.444444,
 17393.222222,
 17448.666667,
 17747.444444,
 17842.888889,
 18081.000000,
 18342.555556,
 18639.000000,
 19075.666667,
 19407.555556,
 19898.888889,
 20350.555556,
 20971.777778,
 21509.111111,
 21867.777778,
 22498.666667,
 22997.777778,
 23556.111111,
 24331.111111,
 24763.777778,
 25244.444444,
 25375.555556,
 25252.888889,
 25068.222222,
 24646.777778,
 24128.000000,
 23505.555556,
 22904.888889,
 22243.222222,
 21726.222222,
 21215.444444,
 20880.000000,
 20653.111111,
 20452.777778,
 20416.111111,
 20312.555556,
 20447.777778,
 20639.222222,
 20814.333333,
 20954.000000,
 21347.222222,
 21655.666667,
 22202.000000,
 22939.666667,
 23733.000000,
 24625.444444,
 25577.333333,
 26646.333333,
 27712.111111,
 28487.555556,
 28617.111111,
 28116.333333,
 27135.333333,
 26348.888889,
 25425.666667,
 24720.555556,
 23837.111111,
 23325.333333,
 22743.777778,
 22131.000000,
 21687.888889,
 21148.777778,
 20552.111111,
 19948.333333,
 19337.000000,
 18921.222222,
 18446.555556,
 18009.111111,
 17651.333333,
 17294.111111,
 17118.111111,
 16927.666667,
 16834.000000,
 16730.555556,
 16737.222222,
 16589.666667,
 16606.333333,
 16850.888889,
 16977.444444,
 17234.444444,
 17390.222222,
 17518.000000,
 17526.222222,
 17214.888889,
 16809.666667,
 16497.222222,
 16092.777778,
 15815.000000,
 15483.666667,
 15260.444444,
 15112.666667,
 14907.888889,
 14737.333333,
 14630.666667,
 14655.777778,
 14570.777778,
 14540.111111,
 14603.777778,
 14573.222222,
 14490.666667,
 14547.222222,
 14724.444444,
 14788.111111,
 14856.000000,
 15107.000000,
 15148.111111,
 15260.222222,
 15522.444444,
 15700.000000,
 15971.000000,
 16113.222222,
 16532.000000,
 16943.555556,
 17356.777778,
 17639.222222,
 17722.777778,
 17892.666667,
 18099.111111,
 18206.444444,
 18624.111111,
 19211.444444,
 19684.666667,
 20197.333333,
 20644.888889,
 21304.222222,
 21668.888889,
 22285.111111,
 22979.000000,
 23801.444444,
 24483.111111,
 25114.222222,
 25267.333333,
 24991.777778,
 24185.000000,
 23429.777778,
 22661.888889,
 21896.444444,
 21254.444444,
 20599.555556,
 19915.333333,
 19349.111111,
 18905.111111,
 18492.666667,
 18313.000000,
 18010.222222,
 17808.222222,
 17668.555556,
 17757.000000,
 17496.111111,
 17289.777778,
 17167.111111,
 16865.888889,
 16790.888889,
 16586.222222,
 16357.444444,
 16210.000000,
 16074.555556,
 15901.777778,
 15784.222222,
 15774.555556,
 15683.555556,
 15732.333333,
 15649.222222,
 15741.888889,
 15766.555556,
 15898.000000,
 15980.555556,
 16216.111111,
 16511.000000,
 16835.333333,
 17058.444444,
 17400.222222,
 17663.333333,
 17691.000000,
 17509.000000,
 17336.333333,
 17177.666667,
 16999.888889,
 16702.666667,
 16782.666667,
 16768.333333,
 16803.888889,
 16952.555556,
 16816.000000,
 16949.000000,
 16884.666667,
 16736.777778,
 16856.222222,
 16931.444444,
 16800.111111,
 16855.111111,
 16877.555556,
 16874.888889,
 16812.222222,
 16872.777778,
 16931.555556,
 17224.444444,
 17432.666667,
 17881.888889,
 18482.111111,
 19215.777778,
 20172.222222,
 21013.666667,
 21366.666667,
 21358.666667,
 20923.111111,
 20243.888889,
 19622.222222,
 19283.333333,
 18797.333333,
 18449.333333,
 18269.888889,
 18050.333333,
 17882.000000,
 17663.777778,
 17543.222222,
 17427.111111,
 17221.222222,
 17144.111111,
 16921.111111,
 16920.000000,
 16818.666667,
 16650.111111,
 16529.333333,
 16565.000000,
 16503.888889,
 16629.000000,
 16797.777778,
 17046.444444,
 17273.888889,
 17539.000000,
 17836.888889,
 18019.444444,
 18019.111111,
 18204.888889,
 18462.333333,
 18714.222222,
 18674.333333,
 18899.000000,
 18913.111111,
 19067.222222,
 19072.555556,
 19119.777778,
 19023.111111,
 18997.333333,
 19085.000000,
 19095.555556,
 19138.777778,
 19194.444444,
 19232.666667,
 19362.000000,
 19536.111111,
 19751.333333,
 19959.666667,
 20099.000000,
 20170.444444,
 20469.222222,
 20730.777778,
 20853.888889,
 21212.000000,
 21480.777778,
 21672.777778,
 22071.444444,
 22387.444444,
 22807.222222,
 23263.111111,
 23610.444444,
 24194.888889,
 24378.111111,
 24724.222222,
 25277.555556,
 25780.333333,
 26397.777778,
 26788.888889,
 26696.111111,
 26410.444444,
 26168.555556,
 25773.222222,
 25741.888889,
 25591.666667,
 25353.333333,
 25496.666667,
 25536.555556,
 25787.222222,
 26179.777778,
 26423.000000,
 26701.000000,
 26996.222222,
 26928.000000,
 26968.222222,
 26790.444444,
 26822.111111,
 27151.000000,
 27362.555556,
 27797.222222,
 28099.888889,
 28401.888889,
 28306.111111,
 28398.888889,
 28476.111111,
 28586.888889,
 28678.777778,
 28661.555556,
 28395.333333,
 28199.444444,
 27848.000000,
 27705.444444,
 27315.000000,
 27029.222222,
 26847.000000,
 26836.000000,
 26801.555556,
 26701.222222,
 26668.888889,
 26710.000000,
 26788.666667,
 26916.333333,
 27003.444444,
 27121.000000,
 27345.666667,
 27540.444444,
 27999.666667,
 28591.555556,
 28982.000000,
 29483.777778,
 29537.888889,
 29572.555556,
 29532.333333,
 29300.000000,
 29084.333333,
 28872.000000,
 28778.111111,
 28505.111111,
 28394.222222,
 28373.444444,
 28508.111111,
 28329.000000,
 28076.222222,
 27932.444444,
 27746.444444,
 27814.222222,
 27701.000000,
 27911.333333,
 27930.111111,
 28223.777778,
 28292.111111,
 28623.555556,
 28824.444444,
 29262.222222,
 29393.333333,
 29789.777778,
 30207.888889,
 30512.888889,
 30495.555556,
 30729.111111,
 30730.777778,
 30728.555556,
 30591.333333,
 30620.444444,
 30628.888889,
 30779.777778,
 30752.666667,
 30948.333333,
 31198.888889,
 31531.222222,
 31693.111111,
 31839.555556,
 32010.666667,
 31885.333333,
 31875.444444,
 31651.777778,
 31447.000000,
 31247.444444,
 31007.777778,
 30700.333333,
 30582.333333,
 30074.666667,
 29649.777778,
 29280.222222,
 28997.666667,
 28821.777778,
 28426.000000,
 28237.000000,
 27852.777778,
 27720.444444,
 27562.333333,
 27390.222222,
 27030.222222,
 26942.111111,
 26822.222222,
 26607.000000,
 26579.555556,
 26494.111111,
 26270.222222,
 26152.333333,
 26165.888889,
 26052.555556,
 26029.222222,
 26091.888889,
 26127.777778,
 26134.888889,
 26043.333333,
 25932.777778,
 25933.444444,
 25704.555556,
 25457.111111,
 25157.000000,
 24837.222222,
 24685.777778,
 24522.777778,
 24376.555556,
 24338.777778,
 24318.888889,
 24389.555556,
 24485.333333,
 23994.222222,
 23940.000000,
 23990.555556,
 23884.444444,
 23859.666667,
 23833.222222,
 23819.333333,
 23856.666667,
 23863.777778,
 23983.111111,
 24196.666667,
 24226.666667,
 24378.444444,
 24507.888889,
 24644.555556,
 24598.111111,
 24529.666667,
 24614.333333,
 24578.444444,
 24676.444444,
 24744.444444,
 24778.888889,
 25071.888889,
 25302.555556,
 25629.777778,
 25906.111111,
 26128.444444,
 26351.444444,
 26576.777778,
 26780.444444,
 27072.666667,
 27033.000000,
 26920.777778,
 26921.000000,
 26858.555556,
 26962.888889,
 26809.777778,
 27008.222222,
 26877.444444,
 26909.666667,
 26805.555556,
 26688.444444,
 26633.777778,
 26717.444444,
 26634.888889,
 26744.222222,
 26784.111111,
 26679.000000,
 26838.888889,
 26851.111111,
 26838.333333,
 26659.888889,
 26839.555556,
 26658.555556,
 26622.666667,
 26501.777778,
 26433.222222,
 26227.333333,
 26349.555556,
 26375.555556,
 26473.111111,
 26678.222222,
 26679.888889,
 27228.222222,
 27278.000000,
 27756.444444,
 28065.222222,
 28615.000000,
 29041.222222,
 29705.777778,
 30107.000000,
 30316.000000,
 30043.444444,
 29770.222222,
 29290.555556,
 28863.222222,
 28441.777778,
 28124.333333,
 27830.555556,
 27527.222222,
 27316.333333,
 27021.111111,
 26874.777778,
 26761.222222,
 26644.222222,
 26591.666667,
 26527.666667,
 26530.888889,
 26426.444444,
 26207.555556,
 26225.555556,
 26110.888889,
 26181.000000,
 26198.000000,
 26284.444444,
 26623.333333,
 26671.777778,
 26851.444444,
 26852.555556,
 26954.777778,
 27019.222222,
 26975.555556,
 26857.888889,
 26674.000000,
 26390.111111,
 26364.555556,
 25949.222222,
 25854.111111,
 25447.444444,
 25364.777778,
 25202.222222,
 25174.888889,
 25116.333333,
 24963.000000,
 25037.111111,
 24913.888889,
 24899.000000,
 24926.444444,
 25010.555556,
 25032.000000,
 25098.000000,
 25423.111111,
 25417.222222,
 25713.777778,
 25884.777778,
 26103.111111,
 26387.333333,
 26689.666667,
 27041.777778,
 27513.666667,
 27833.888889,
 27993.222222,
 28254.666667,
 28399.555556,
 28313.222222,
 28136.000000,
 28085.222222,
 27782.777778,
 27464.111111,
 27260.333333,
 26888.555556,
 26640.222222,
 26419.222222,
 26215.777778,
 26168.444444,
 25931.666667,
 25989.777778,
 25880.666667,
 25718.555556,
 25590.777778,
 25073.444444,
 24856.666667,
 24470.777778,
 24426.000000,
 23956.222222,
 23797.111111,
 23441.888889,
 23251.000000,
 22971.333333,
 22923.222222,
 22598.444444,
 22467.000000,
 22400.555556,
 22321.333333,
 22315.222222,
 22236.888889,
 22236.777778,
 22040.777778,
 21917.000000,
 21860.111111,
 21775.444444,
 21701.111111,
 21645.111111,
 21614.222222,
 21463.222222,
 21496.000000,
 21325.666667,
 21375.333333,
 21365.555556,
 21279.777778,
 21194.111111,
 21289.888889,
 21374.444444,
 21420.444444,
 21220.333333,
 21482.777778,
 21400.111111,
 21469.111111,
 21516.666667,
 21488.333333,
 21479.111111,
 21540.555556,
 21341.222222,
 21246.000000,
 21386.666667,
 21142.444444,
 21114.222222,
 20915.444444,
 20735.333333,
 20401.555556,
 20336.111111,
 20090.000000,
 19784.888889,
 19510.222222,
 19413.000000,
 19096.666667,
 18927.222222,
 18830.444444,
 18604.000000,
 18447.111111,
 18164.444444,
 18031.888889,
 17800.333333,
 17720.444444,
 17495.000000,
 17410.333333,
 17270.666667,
 17084.666667,
 16896.111111,
 16846.000000,
 16696.111111,
 16655.000000,
 16523.444444,
 16497.888889,
 16573.888889,
 16336.000000,
 16474.222222,
 16373.888889,
 16269.777778,
 16170.444444,
 16062.777778,
 15835.555556,
 15822.555556,
 15721.555556,
 15508.888889,
 15463.888889,
 15266.555556,
 15137.444444,
 14944.777778,
 14845.777778,
 14763.666667,
 14575.666667,
 14392.888889,
 14354.333333,
 14292.444444,
 14168.111111,
 14216.777778,
 14082.666667,
 13904.666667,
 13958.777778,
 13908.333333,
 13882.333333,
 13800.333333,
 13734.555556,
 13596.222222,
 13523.333333,
 13418.333333,
 13395.888889,
 13306.888889,
 13292.666667,
 13209.000000,
 13214.444444,
 13193.000000,
 13065.222222,
 13189.222222,
 13168.111111,
 13251.333333,
 13232.888889,
 13284.555556,
 13336.777778,
 13283.777778,
 13384.555556,
 13267.111111,
 13281.777778,
 13280.333333,
 13223.222222,
 13134.888889,
 13035.333333,
 12955.000000,
 12753.555556,
 12633.666667,
 12418.222222,
 12398.111111,
 12138.555556,
 12088.666667,
 11912.333333,
 11718.666667,
 11571.888889,
 11341.555556,
 11243.777778,
 11028.333333,
 10915.111111,
 10747.222222,
 10576.333333,
 10463.111111,
 10364.111111,
 10239.000000,
 10188.444444,
 9982.555556,
 9930.444444,
 9955.000000,
 9795.888889,
 9743.333333,
 9675.111111,
 9626.666667,
 9549.888889,
 9543.222222,
 9453.000000,
 9419.555556,
 9346.222222,
 9225.333333,
 9131.444444,
 9047.000000,
 9045.444444,
 8893.777778,
 8857.666667,
 8654.555556,
 8621.888889,
 8516.333333,
 8467.222222,
 8336.111111,
 8239.111111,
 8191.111111,
 8118.555556,
 8068.333333,
 8062.444444,
 8012.222222,
 7923.111111,
 7857.777778,
 7866.222222,
 7792.444444,
 7796.000000,
 7744.000000,
 7722.666667,
 7623.777778,
 7660.444444,
 7525.333333,
 7423.444444,
 7405.888889,
 7306.222222,
 7195.444444,
 7120.777778,
 7079.000000,
 7022.888889,
 7026.888889,
 6934.333333,
 6875.555556,
 6847.222222,
 6767.111111,
 6817.111111,
 6695.888889,
 6693.000000,
 6655.222222,
 6522.555556,
 6488.111111,
 6451.444444,
 6360.555556,
 6332.777778,
 6350.777778,
 6330.666667,
 6272.000000,
 6357.000000,
 6290.555556,
 6275.444444,
 6294.444444,
 6111.111111,
 6010.222222,
 5957.666667,
 5791.888889,
 5682.222222,
 5604.666667,
 5513.666667,
 5409.222222,
 5433.555556,
 5360.666667,
 5359.888889,
 5342.555556,
 5386.777778,
 5355.666667,
 5407.000000,
 5501.666667,
 5399.777778,
 5407.111111,
 5513.222222,
 5431.111111,
 5482.444444,
 5448.000000,
 5592.000000,
 5521.111111,
 5655.555556,
 5695.111111,
 5722.555556,
 5803.777778,
 5813.666667,
 5788.888889,
 5701.444444,
 5634.222222,
 5575.222222,
 5478.888889,
 5396.444444,
 5307.000000,
 5215.222222,
 5196.333333,
 5094.888889,
 5095.555556,
 5043.444444,
 5023.444444,
 5003.888889,
 4967.777778,
 5027.000000,
 5002.555556,
 5048.777778,
 5004.777778,
 5025.777778,
 4975.222222,
 5003.333333,
 4988.444444,
 4952.222222,
 4893.777778,
 4861.555556,
 4892.444444,
 4940.555556,
 5002.333333,
 5021.111111,
 5117.333333,
 5147.777778,
 5136.666667,
 5223.222222,
 5207.777778,
 5284.444444,
 5333.777778,
 5434.333333,
 5424.333333,
 5490.222222,
 5498.555556,
 5618.222222,
 5647.000000,
 5694.666667,
 5690.555556,
 5697.111111,
 5768.333333,
 5808.333333,
 5768.333333,
 5791.111111,
 5844.222222,
 5853.888889,
 5852.888889,
 5801.111111,
 5836.777778,
 5833.111111,
 5809.666667,
 5866.333333,
 5866.666667,
 5917.333333,
 5874.888889,
 5946.333333,
 6067.444444,
 6177.111111,
 6191.333333,
 6265.333333,
 6366.222222,
 6473.555556,
 6547.555556,
 6656.777778,
 6664.888889,
 6757.555556,
 6812.444444,
 6910.777778,
 6947.000000,
 6925.666667,
 7019.888889,
 7072.111111,
 7140.222222,
 7114.333333,
 7227.000000,
 7258.888889,
 7287.555556,
 7343.555556,
 7335.777778,
 7437.444444,
 7538.000000,
 7615.333333,
 7630.777778,
 7579.000000,
 7627.444444,
 7645.333333,
 7747.666667,
 7732.777778,
 7782.666667,
 7737.777778,
 7776.888889,
 7788.666667,
 7814.333333,
 7868.333333,
 7849.111111,
 7886.111111,
 7878.555556,
 7937.000000,
 7982.666667,
 7994.444444,
 8054.777778,
 8141.555556,
 8163.666667,
 8211.666667,
 8218.111111,
 8202.666667,
 8273.111111,
 8223.111111,
 8236.111111,
 8153.222222,
 8115.222222,
 8141.333333,
 8032.222222,
 8048.333333,
 8000.666667,
 8048.222222,
 8063.222222,
 8051.888889,
 8066.777778,
 8020.444444,
 8078.000000,
 8119.555556,
 8134.111111,
 8122.777778,
 8206.888889,
 8235.444444,
 8298.000000,
 8364.222222,
 8297.555556,
 8341.111111,
 8452.222222,
 8422.444444,
 8378.222222,
 8378.444444,
 8254.000000,
 8249.888889,
 8257.222222,
 8253.222222,
 8201.000000,
 8201.333333,
 8175.777778,
 8218.666667,
 8194.222222,
 8135.555556,
 8154.666667,
 8160.444444,
 8198.555556,
 8168.777778,
 8130.222222,
 8174.111111,
 8123.555556,
 8171.444444,
 8071.444444,
 8125.888889,
 8111.444444,
 8140.777778,
 8078.333333,
 8102.666667,
 8068.444444,
 8060.222222,
 8085.444444,
 8101.111111,
 8145.777778,
 8244.888889,
 8317.888889,
 8323.444444,
 8394.111111,
 8473.444444,
 8485.555556,
 8607.555556,
 8647.000000,
 8666.777778,
 8816.222222,
 8912.888889,
 9052.111111,
 9051.555556,
 9143.888889,
 9230.333333,
 9359.666667,
 9378.444444,
 9398.888889,
 9419.777778,
 9505.111111,
 9504.777778,
 9567.444444,
 9559.333333,
 9644.444444,
 9634.000000,
 9646.666667,
 9676.333333,
 9712.000000,
 9764.222222,
 9704.333333,
 9750.666667,
 9799.444444,
 9788.000000,
 9839.000000,
 9860.333333,
 9916.444444,
 9971.666667,
 10030.222222,
 10087.777778,
 10192.888889,
 10308.444444,
 10358.111111,
 10427.111111,
 10496.222222,
 10501.444444,
 10487.555556,
 10572.666667,
 10497.888889,
 10402.444444,
 10451.000000,
 10332.555556,
 10228.555556,
 10192.555556,
 10170.000000,
 10101.111111,
 10093.333333,
 10035.222222,
 10092.777778,
 10133.000000,
 10088.666667,
 10231.222222,
 10240.888889,
 10398.111111,
 10418.888889,
 10414.555556,
 10439.666667,
 10451.000000,
 10394.333333,
 10400.111111,
 10346.777778,
 10338.333333,
 10218.666667,
 10145.000000,
 10075.777778,
 9984.333333,
 9947.555556,
 9876.888889,
 9807.111111,
 9788.000000,
 9709.333333,
 9637.333333,
 9558.666667,
 9576.111111,
 9613.111111,
 9490.666667,
 9429.555556,
 9300.666667,
 9277.666667,
 9297.555556,
 9235.222222,
 9134.555556,
 9120.333333,
 9144.333333,
 8992.666667,
 8983.666667,
 8933.333333,
 8880.000000,
 8998.666667,
 8925.222222,
 8860.444444,
 8962.333333,
 8793.888889,
 8825.666667,
 8740.555556,
 8753.111111,
 8718.111111,
 8719.444444,
 8651.111111,
 8763.666667,
 8655.333333,
 8652.777778,
 8573.777778,
 8608.555556,
 8611.555556,
 8592.333333,
 8496.444444,
 8486.555556,
 8506.222222,
 8474.111111,
 8395.333333,
 8367.555556,
 8366.111111,
 8354.444444,
 8304.333333,
 8277.555556,
 8187.000000,
 8154.000000,
 8172.333333,
 8148.333333,
 8126.333333,
 8047.444444,
 8013.777778,
 7944.444444,
 8008.666667,
 8019.555556,
 8057.777778,
 7986.888889,
 8003.777778,
 8005.333333,
 8005.333333,
 8012.222222,
 7952.888889,
 7905.888889,
 7874.777778,
 7834.333333,
 7797.555556,
 7833.333333,
 7717.777778,
 7582.444444,
 7596.000000,
 7542.111111,
 7489.333333,
 7384.333333,
 7349.777778,
 7299.111111,
 7168.666667,
 7107.222222,
 7040.555556,
 6989.666667,
 6921.000000,
 6824.333333,
 6780.777778,
 6768.111111,
 6638.333333,
 6603.333333,
 6580.000000,
 6561.777778,
 6466.444444,
 6363.777778,
 6294.222222,
 6220.777778,
 6229.222222,
 6191.333333,
 6185.222222,
 6086.222222,
 6062.444444,
 6031.222222,
 5975.333333,
 5977.555556,
 5896.888889,
 5909.111111,
 5851.666667,
 5876.555556,
 5769.888889,
 5788.777778,
 5753.222222,
 5644.888889,
 5603.555556,
 5651.111111,
 5565.888889,
 5562.555556,
 5485.000000,
 5467.333333,
 5364.222222,
 5276.333333,
 5222.777778,
 5216.000000,
 5108.333333,
 5085.222222,
 5037.888889,
 4964.555556,
 4909.333333,
 4890.111111,
 4855.777778,
 4742.444444,
 4769.555556,
 4710.333333,
 4695.666667,
 4654.222222,
 4666.000000,
 4626.666667,
 4559.555556,
 4508.000000,
 4555.777778,
 4465.555556,
 4426.444444,
 4418.333333,
 4368.444444,
 4337.444444,
 4289.222222,
 4303.444444,
 4278.444444,
 4213.888889,
 4188.000000,
 4191.222222,
 4119.111111,
 4074.111111,
 4080.666667,
 4056.888889,
 4052.666667,
 4007.222222,
 3903.555556,
 3908.444444,
 3832.111111,
 3856.777778,
 3814.111111,
 3814.111111,
 3735.222222,
 3702.000000,
 3696.333333,
 3663.111111,
 3623.222222,
 3613.333333,
 3627.111111,
 3572.555556,
 3565.777778,
 3566.222222,
 3565.777778,
 3484.222222,
 3534.666667,
 3483.222222,
 3451.555556,
 3421.555556,
 3444.111111,
 3386.111111,
 3375.222222,
 3377.333333,
 3375.111111,
 3393.000000,
 3362.111111,
 3326.000000,
 3298.777778,
 3262.000000,
 3246.888889,
 3266.666667,
 3247.666667,
 3268.555556,
 3208.111111,
 3249.666667,
 3182.444444,
 3227.888889,
 3211.888889,
 3172.444444,
 3069.666667,
 3053.444444,
 3044.777778,
 2986.888889,
 3053.111111,
 2974.888889,
 2922.222222,
 2909.000000,
 2929.777778,
 2855.222222,
 2819.000000,
 2804.888889,
 2874.111111,
 2779.777778,
 2804.888889,
 2819.555556,
 2784.666667,
 2770.777778,
 2768.444444,
 2791.222222,
 2750.777778,
 2773.888889,
 2705.666667,
 2696.777778,
 2681.777778,
 2710.888889,
 2678.000000,
 2650.222222,
 2623.666667,
 2609.111111,
 2653.666667,
 2579.555556,
 2589.000000,
 2568.555556,
 2571.444444,
 2558.444444,
 2559.888889,
 2521.555556,
 2538.333333,
 2526.000000,
 2487.666667,
 2509.777778,
 2509.888889,
 2487.111111,
 2450.111111,
 2580.555556,
 2419.777778,
 2482.666667,
 2468.666667,
 2427.888889,
 2400.444444,
 2423.888889,
 2467.777778,
 2423.555556,
 2439.555556,
 2469.666667,
 2424.888889,
 2468.888889,
 2458.333333,
 2456.666667,
 2438.444444,
 2462.444444,
 2478.666667,
 2479.111111,
 2455.777778,
 2445.777778,
 2413.555556,
 2451.888889,
 2474.555556,
 2478.888889,
 2471.111111,
 2472.444444,
 2474.777778,
 2488.444444,
 2514.222222,
 2503.000000,
 2528.222222,
 2548.000000,
 2510.111111,
 2551.888889,
 2543.444444,
 2591.000000,
 2539.666667,
 2575.333333,
 2573.000000,
 2603.444444,
 2610.111111,
 2651.222222,
 2658.111111,
 2671.777778,
 2669.555556,
 2686.333333,
 2676.222222,
 2688.666667,
 2705.111111,
 2760.333333,
 2754.777778,
 2750.777778,
 2756.333333,
 2738.777778,
 2803.444444,
 2772.000000,
 2871.333333,
 2771.888889,
 2826.555556,
 2853.333333,
 2890.777778,
 2856.777778,
 2904.444444,
 2917.666667,
 2923.666667,
 2932.444444,
 2961.333333,
 2981.000000,
 3006.555556,
 3005.888889,
 3018.666667,
 3014.222222,
 3034.888889,
 3020.888889,
 3080.333333,
 3084.555556,
 3153.222222,
 3140.666667,
 3187.333333,
 3187.000000,
 3219.555556,
 3235.888889,
 3275.000000,
 3268.777778,
 3283.888889,
 3270.555556,
 3321.888889,
 3298.555556,
 3360.444444,
 3385.888889,
 3397.555556,
 3401.333333,
 3397.111111,
 3434.888889,
 3451.111111,
 3447.222222,
 3547.555556,
 3546.000000,
 3574.666667,
 3578.000000,
 3607.555556,
 3623.666667,
 3662.333333,
 3709.333333,
 3738.555556,
 3794.888889,
 3747.000000,
 3820.555556,
 3853.000000,
 3870.333333,
 3885.555556,
 3874.555556,
 3855.111111,
 3924.111111,
 3941.777778,
 3922.333333,
 3921.888889,
 3901.333333,
 3942.555556,
 3900.111111,
 3894.666667,
 4004.333333,
 3968.111111,
 4022.666667,
 3992.666667,
 3960.111111,
 4022.555556,
 3984.000000,
 4033.777778,
 4076.111111,
 4093.333333,
 4126.111111,
 4032.888889,
 4058.111111,
 4133.333333,
 4161.777778,
 4166.666667,
 4127.777778,
 4194.333333,
 4179.000000,
 4243.666667,
 4279.000000,
 4295.444444,
 4325.888889,
 4349.666667,
 4377.666667,
 4361.777778,
 4389.888889,
 4365.777778,
 4407.222222,
 4446.888889,
 4495.888889,
 4461.000000,
 4485.777778,
 4512.000000,
 4542.000000,
 4511.777778,
 4525.888889,
 4538.000000,
 4548.333333,
 4551.555556,
 4544.222222,
 4555.777778,
 4557.888889,
 4556.333333,
 4587.666667,
 4556.777778,
 4595.888889,
 4601.111111,
 4587.666667,
 4571.333333,
 4572.444444,
 4621.555556,
 4599.111111,
 4635.000000,
 4631.888889,
 4702.222222