1098.000000,
 1098.000000,
 1137.444444,
 1087.111111,
 1127.444444,
 1102.111111,
 1136.888889,
 1114.000000,
 1120.222222,
 1109.111111,
 1131.888889,
 1131.555556,
 1146.111111,
 1115.000000,
 1169.555556,
 1122.333333,
 1162.888889,
 1107.222222,
 1180.000000,
 1146.666667,
 1171.777778,
 1169.222222,
 1192.000000,
 1177.000000,
 1223.666667,
 1227.000000,
 1198.666667,
 1203.666667,
 1218.333333,
 1184.000000,
 1260.000000,
 1180.555556,
 1214.222222,
 1188.555556,
 1218.888889,
 1220.555556,
 1230.333333,
 1242.111111,
 1242.222222,
 1242.666667,
 1231.111111,
 1257.888889,
 1218.444444,
 1198.888889,
 1247.222222,
 1243.555556,
 1208.555556,
 1205.111111,
 1236.000000,
 1235.888889,
 1208.333333,
 1218.333333,
 1218.444444,
 1171.666667,
 1200.333333,
 1196.000000,
 1170.000000,
 1184.444444,
 1190.555556,
 1146.222222,
 1179.333333,
 1198.666667,
 1183.333333,
 1220.000000,
 1244.111111,
 1304.555556,
 1332.333333,
 1204.333333,
 1251.111111,
 1297.111111,
 1294.777778,
 1348.555556,
 1337.555556,
 1356.666667,
 1430.666667,
 1412.777778,
 1511.666667,
 1465.888889,
 1546.888889,
 1563.777778,
 1595.555556,
 1598.777778,
 1659.666667,
 1694.444444,
 1699.000000,
 1685.000000,
 1703.333333,
 1673.777778,
 1723.111111,
 1719.444444,
 1724.222222,
 1784.222222,
 1948.111111,
 1995.333333,
 1996.777778,
 2089.777778,
 2184.222222,
 2137.333333,
 2219.555556,
 2259.777778,
 2291.555556,
 2318.888889,
 2373.777778,
 2404.000000,
 2492.444444,
 2453.000000,
 2445.000000,
 2504.777778,
 2498.333333,
 2529.111111,
 2560.000000,
 2554.000000,
 2631.222222,
 2672.555556,
 2689.222222,
 2821.666667,
 2844.000000,
 2942.000000,
 2979.000000,
 3008.444444,
 3027.222222,
 2986.777778,
 3002.555556,
 3007.000000,
 3051.888889,
 3071.888889,
 3114.777778,
 3190.444444,
 3326.444444,
 3386.222222,
 3524.333333,
 3541.777778,
 3544.000000,
 3566.444444,
 3625.333333,
 3607.333333,
 3636.888889,
 3669.666667,
 3720.888889,
 3793.111111,
 3879.222222,
 3965.222222,
 4075.777778,
 4191.888889,
 4340.888889,
 4373.000000,
 4328.777778,
 4050.555556,
 3822.111111,
 3823.777778,
 3932.222222,
 3796.888889,
 3993.777778,
 4449.666667,
 4562.333333,
 4784.444444,
 5108.555556,
 5371.222222,
 5449.888889,
 5438.888889,
 5424.777778,
 5391.222222,
 5463.000000,
 5467.111111,
 5680.777778,
 5875.222222,
 6040.444444,
 6182.000000,
 6309.666667,
 6519.555556,
 6841.000000,
 7012.666667,
 7043.777778,
 6986.888889,
 6931.222222,
 6973.333333,
 7036.888889,
 7076.777778,
 7181.888889,
 7388.555556,
 7524.666667,
 7616.666667,
 7715.444444,
 7767.444444,
 7917.111111,
 7992.666667,
 8128.777778,
 8230.555556,
 8361.000000,
 8464.444444,
 8513.666667,
 8701.222222,
 8800.444444,
 8961.111111,
 9030.777778,
 9195.555556,
 9357.111111,
 9415.666667,
 9605.222222,
 9773.666667,
 9876.222222,
 10117.333333,
 10285.555556,
 10485.777778,
 10625.888889,
 10766.222222,
 11120.333333,
 11352.888889,
 11398.777778,
 11546.888889,
 11624.222222,
 11720.444444,
 11684.777778,
 11664.555556,
 11640.777778,
 11501.777778,
 11047.666667,
 10841.666667,
 11547.666667,
 12133.000000,
 12453.333333,
 13382.000000,
 14448.000000,
 15277.111111,
 16049.777778,
 16699.444444,
 17182.000000,
 17526.555556,
 18018.222222,
 18710.222222,
 19610.666667,
 20501.555556,
 21561.000000,
 22767.555556,
 23720.888889,
 25004.666667,
 26027.777778,
 27240.444444,
 28129.222222,
 28441.666667,
 28434.000000,
 27553.000000,
 26652.222222,
 25642.444444,
 24726.000000,
 23950.111111,
 23270.111111,
 22762.222222,
 22468.333333,
 22293.333333,
 22290.000000,
 22116.555556,
 22130.666667,
 21800.777778,
 21466.222222,
 20602.555556,
 20117.444444,
 19506.444444,
 18965.888889,
 18719.000000,
 18430.000000,
 18213.555556,
 18091.666667,
 18138.777778,
 18130.888889,
 18278.111111,
 18496.222222,
 18942.888889,
 19025.555556,
 19094.777778,
 19106.333333,
 19031.777778,
 19008.111111,
 18907.666667,
 18704.111111,
 18683.555556,
 18598.666667,
 18595.777778,
 18721.000000,
 18894.111111,
 19258.333333,
 19590.777778,
 19665.222222,
 19639.777778,
 19530.111111,
 19330.666667,
 19075.888889,
 18782.333333,
 18654.666667,
 18559.444444,
 18880.000000,
 18900.000000,
 19009.555556,
 19213.222222,
 19171.000000,
 19030.555556,
 18995.333333,
 18919.333333,
 18896.666667,
 18982.888889,
 18930.000000,
 19049.111111,
 19143.111111,
 19379.000000,
 19531.666667,
 19886.888889,
 20211.444444,
 20538.222222,
 20860.000000,
 21229.000000,
 21788.555556,
 22222.777778,
 23007.111111,
 23635.666667,
 23998.666667,
 24704.666667,
 25468.888889,
 25911.111111,
 26678.444444,
 27319.777778,
 27869.333333,
 28147.444444,
 28148.777778,
 28112.555556,
 27445.222222,
 26943.333333,
 26314.666667,
 25581.888889,
 24931.222222,
 24447.777778,
 23769.666667,
 23315.888889,
 23043.777778,
 22929.555556,
 22746.666667,
 22622.333333,
 22785.555556,
 22927.888889,
 23184.000000,
 23356.111111,
 23803.444444,
 24081.666667,
 24679.444444,
 25368.666667,
 26277.111111,
 27230.444444,
 28265.222222,
 29581.111111,
 30797.777778,
 31765.888889,
 32090.888889,
 31741.666667,
 30713.000000,
 29599.222222,
 28715.000000,
 27764.222222,
 26920.444444,
 26288.000000,
 25615.222222,
 24995.111111,
 24430.000000,
 23876.000000,
 23151.666667,
 22432.000000,
 21824.333333,
 21198.888889,
 20808.888889,
 20174.222222,
 19864.444444,
 19357.222222,
 19225.888889,
 18943.222222,
 18893.888889,
 18801.555556,
 18596.555556,
 18629.777778,
 18652.555556,
 18738.000000,
 18936.888889,
 19256.888889,
 19465.333333,
 19687.888889,
 19562.777778,
 19513.333333,
 18914.000000,
 18500.111111,
 18080.888889,
 17644.222222,
 17423.444444,
 17030.666667,
 16895.444444,
 16692.222222,
 16544.000000,
 16360.444444,
 16265.000000,
 16359.111111,
 16274.555556,
 16220.888889,
 16266.222222,
 16167.111111,
 16173.666667,
 16343.555556,
 16436.777778,
 16526.666667,
 16855.777778,
 16874.555556,
 16984.888889,
 17169.888889,
 17480.333333,
 17659.000000,
 17905.444444,
 18290.333333,
 18802.888889,
 19205.777778,
 19605.444444,
 19733.333333,
 19968.222222,
 20125.444444,
 20168.000000,
 20602.444444,
 21158.555556,
 21696.000000,
 22265.333333,
 22929.666667,
 23489.555556,
 24023.111111,
 24636.555556,
 25380.333333,
 26299.666667,
 27026.666667,
 27989.444444,
 28183.777778,
 27907.666667,
 27221.000000,
 26256.888889,
 25289.555556,
 24452.777778,
 23701.666667,
 23081.222222,
 22131.888889,
 21690.777778,
 21073.222222,
 20756.333333,
 20391.222222,
 20034.333333,
 19894.555556,
 19780.777778,
 19633.444444,
 19417.888889,
 19237.333333,
 19016.222222,
 18819.777778,
 18648.777778,
 18453.555556,
 18160.000000,
 17958.111111,
 17825.666667,
 17665.555556,
 17465.444444,
 17476.666667,
 17339.555556,
 17426.555556,
 17316.555556,
 17343.888889,
 17269.666667,
 17482.333333,
 17614.333333,
 17861.444444,
 18171.888889,
 18468.333333,
 18834.333333,
 19122.444444,
 19445.111111,
 19519.111111,
 19389.777778,
 19199.444444,
 18968.777778,
 18806.333333,
 18491.333333,
 18527.444444,
 18563.666667,
 18468.000000,
 18534.111111,
 18616.777778,
 18541.333333,
 18613.555556,
 18504.777778,
 18602.555556,
 18604.111111,
 18474.111111,
 18503.666667,
 18585.222222,
 18513.888889,
 18513.333333,
 18554.666667,
 18548.000000,
 18729.222222,
 18995.555556,
 19438.000000,
 20059.555556,
 20811.111111,
 21803.222222,
 22838.333333,
 23365.666667,
 23347.444444,
 22975.888889,
 22274.555556,
 21698.222222,
 21249.444444,
 20851.777778,
 20386.222222,
 20151.666667,
 19937.666667,
 19655.444444,
 19399.888889,
 19275.555556,
 19061.777778,
 18861.333333,
 18847.777778,
 18620.555556,
 18539.222222,
 18354.222222,
 18252.777778,
 18033.333333,
 18152.222222,
 18092.444444,
 18135.666667,
 18395.444444,
 18516.777778,
 18796.666667,
 19073.666667,
 19431.111111,
 19550.333333,
 19615.000000,
 19763.555556,
 20016.666667,
 20261.888889,
 20282.888889,
 20540.444444,
 20617.777778,
 20640.777778,
 20786.888889,
 20766.222222,
 20612.555556,
 20689.444444,
 20756.666667,
 20863.666667,
 20615.111111,
 20843.333333,
 20869.555556,
 20968.222222,
 21138.000000,
 21347.444444,
 21442.888889,
 21688.000000,
 21933.888889,
 22134.111111,
 22345.555556,
 22597.000000,
 22811.888889,
 23162.777778,
 23394.666667,
 23899.555556,
 24137.000000,
 24607.666667,
 25002.555556,
 25393.333333,
 25924.777778,
 26204.333333,
 26619.555556,
 27042.333333,
 27637.777778,
 28286.777778,
 28759.000000,
 28899.333333,
 28586.111111,
 28336.111111,
 27832.111111,
 27850.222222,
 27617.444444,
 27404.111111,
 27434.333333,
 27600.888889,
 27702.222222,
 28146.666667,
 28379.444444,
 28763.111111,
 28990.666667,
 29054.444444,
 29039.444444,
 28880.111111,
 29083.666667,
 29157.000000,
 29431.555556,
 29744.666667,
 30171.222222,
 30540.111111,
 30579.444444,
 30591.444444,
 30740.666667,
 30684.444444,
 30842.777778,
 30913.000000,
 30764.222222,
 30500.000000,
 30104.888889,
 29883.111111,
 29366.222222,
 29076.777778,
 28966.333333,
 28884.000000,
 28756.666667,
 28699.333333,
 28714.888889,
 28689.000000,
 28858.666667,
 28845.333333,
 28961.222222,
 29033.111111,
 29304.444444,
 29571.888889,
 29953.333333,
 30403.777778,
 31023.222222,
 31575.111111,
 31656.333333,
 31585.333333,
 31710.444444,
 31548.111111,
 31299.444444,
 30997.333333,
 30730.444444,
 30635.000000,
 30483.333333,
 30661.555556,
 30648.555556,
 30539.111111,
 30169.444444,
 30171.888889,
 29898.555556,
 29856.555556,
 29946.555556,
 29869.444444,
 29985.000000,
 30219.222222,
 30389.000000,
 30657.666667,
 30862.444444,
 31238.666667,
 31470.333333,
 31774.111111,
 32337.333333,
 32791.888889,
 32805.333333,
 32994.333333,
 33078.111111,
 33003.444444,
 33068.111111,
 32957.444444,
 33096.222222,
 33088.111111,
 33157.333333,
 33401.444444,
 33434.111111,
 33759.000000,
 34133.000000,
 34391.444444,
 34473.888889,
 34329.666667,
 34426.000000,
 34421.777778,
 34060.111111,
 33895.777778,
 33692.333333,
 33318.777778,
 33084.666667,
 32710.222222,
 32233.444444,
 31940.000000,
 31574.333333,
 31280.777778,
 30978.888889,
 30741.444444,
 30328.666667,
 30167.777778,
 29988.333333,
 29789.777778,
 29495.222222,
 29450.333333,
 29264.777778,
 28977.888889,
 28924.666667,
 28817.333333,
 28675.000000,
 28560.555556,
 28481.555556,
 28535.444444,
 28320.777778,
 28531.777778,
 28457.666667,
 28463.666667,
 28404.888889,
 28499.000000,
 28298.111111,
 28130.111111,
 27814.888889,
 27522.333333,
 27322.555556,
 26928.333333,
 26934.444444,
 26731.000000,
 26622.222222,
 26640.555556,
 26620.888889,
 26780.666667,
 26338.111111,
 26299.555556,
 26251.888889,
 26187.000000,
 26182.555556,
 26103.000000,
 26141.000000,
 26314.777778,
 26174.333333,
 26255.444444,
 26412.111111,
 26532.888889,
 26702.222222,
 26898.111111,
 27080.111111,
 26978.666667,
 26932.222222,
 27011.888889,
 27086.666667,
 27081.555556,
 26980.444444,
 27042.777778,
 27415.666667,
 27545.666667,
 27888.000000,
 28296.777778,
 28516.222222,
 28901.888889,
 29081.444444,
 29338.333333,
 29724.111111,
 29742.111111,
 29600.333333,
 29480.666667,
 29496.444444,
 29507.666667,
 29421.111111,
 29633.888889,
 29537.333333,
 29585.666667,
 29561.666667,
 29301.888889,
 29302.222222,
 29275.555556,
 29263.777778,
 29430.000000,
 29458.000000,
 29319.222222,
 29512.666667,
 29462.888889,
 29601.666667,
 29318.888889,
 29447.444444,
 29377.666667,
 29230.333333,
 29154.444444,
 28976.000000,
 28961.888889,
 28923.888889,
 28967.777778,
 29111.555556,
 29252.444444,
 29235.444444,
 29687.111111,
 29893.555556,
 30246.222222,
 30757.777778,
 31183.222222,
 31692.333333,
 32410.000000,
 32800.111111,
 32984.777778,
 32811.222222,
 32641.666667,
 32108.888889,
 31665.444444,
 31202.888889,
 30872.666667,
 30569.777778,
 30132.111111,
 29934.666667,
 29684.555556,
 29403.111111,
 29327.555556,
 29178.000000,
 29181.444444,
 29083.000000,
 29038.888889,
 29001.444444,
 28833.111111,
 28787.111111,
 28773.888889,
 28792.333333,
 28707.666667,
 28827.555556,
 29023.888889,
 29114.888889,
 29285.888889,
 29397.555556,
 29489.888889,
 29656.888889,
 29507.333333,
 29445.888889,
 29254.000000,
 29029.333333,
 28933.888889,
 28569.333333,
 28364.666667,
 27928.444444,
 27778.555556,
 27697.222222,
 27588.444444,
 27490.555556,
 27259.000000,
 27346.444444,
 27296.222222,
 27183.555556,
 27201.888889,
 27263.555556,
 27324.000000,
 27576.888889,
 27603.555556,
 27660.222222,
 27939.888889,
 28322.777778,
 28311.666667,
 28759.444444,
 29075.444444,
 29414.333333,
 29854.777778,
 30174.666667,
 30439.111111,
 30762.222222,
 30964.555556,
 30970.555556,
 30844.333333,
 30682.555556,
 30386.444444,
 30059.555556,
 29871.333333,
 29472.111111,
 29132.111111,
 28857.777778,
 28574.333333,
 28584.555556,
 28339.555556,
 28307.555556,
 28235.111111,
 28197.000000,
 27961.666667,
 27489.000000,
 27271.000000,
 26864.444444,
 26701.777778,
 26301.777778,
 25987.111111,
 25674.444444,
 25413.555556,
 25216.333333,
 24973.333333,
 24713.333333,
 24567.777778,
 24590.888889,
 24365.111111,
 24391.444444,
 24291.222222,
 24255.000000,
 24095.888889,
 23958.888889,
 23811.555556,
 23746.000000,
 23767.333333,
 23719.111111,
 23554.777778,
 23454.666667,
 23409.111111,
 23268.222222,
 23310.555556,
 23154.333333,
 23160.777778,
 23072.666667,
 23204.777778,
 23214.333333,
 23263.111111,
 23147.666667,
 23262.777778,
 23173.555556,
 23248.444444,
 23298.222222,
 23326.111111,
 23416.888889,
 23327.333333,
 23191.333333,
 23084.777778,
 23178.111111,
 22934.000000,
 22952.777778,
 22759.222222,
 22423.555556,
 22169.777778,
 22072.888889,
 21840.666667,
 21520.444444,
 21292.777778,
 21029.666667,
 20776.333333,
 20578.777778,
 20507.888889,
 20245.666667,
 20016.666667,
 19775.777778,
 19621.777778,
 19336.777778,
 19182.333333,
 19053.777778,
 18848.222222,
 18596.222222,
 18544.111111,
 18355.888889,
 18249.000000,
 18089.666667,
 18057.111111,
 17930.666667,
 17869.888889,
 17853.444444,
 17731.333333,
 17732.222222,
 17716.000000,
 17604.555556,
 17493.888889,
 17324.555556,
 17086.222222,
 17126.222222,
 16974.666667,
 16779.777778,
 16669.111111,
 16502.333333,
 16275.111111,
 16225.777778,
 15997.111111,
 15926.444444,
 15751.777778,
 15470.777778,
 15638.222222,
 15410.444444,
 15279.222222,
 15296.000000,
 15134.333333,
 15037.111111,
 14977.777778,
 14912.000000,
 14842.000000,
 14799.777778,
 14686.666667,
 14659.333333,
 14525.555556,
 14410.111111,
 14340.777778,
 14247.555556,
 14156.333333,
 14120.111111,
 14069.333333,
 14009.444444,
 13973.000000,
 14013.333333,
 13991.222222,
 14029.888889,
 14008.777778,
 14032.333333,
 14127.777778,
 14058.888889,
 14137.888889,
 14036.222222,
 14037.000000,
 14006.333333,
 13950.555556,
 13889.666667,
 13751.444444,
 13644.222222,
 13510.222222,
 13317.666667,
 13111.444444,
 13130.555556,
 12887.222222,
 12721.666667,
 12557.000000,
 12412.333333,
 12139.222222,
 11925.444444,
 11800.222222,
 11620.777778,
 11424.666667,
 11268.222222,
 11070.555556,
 10915.444444,
 10830.666667,
 10647.222222,
 10610.222222,
 10404.555556,
 10321.000000,
 10262.666667,
 10174.666667,
 10091.888889,
 10036.666667,
 9950.000000,
 9913.888889,
 9855.222222,
 9791.666667,
 9758.777778,
 9652.111111,
 9510.777778,
 9419.777778,
 9310.555556,
 9223.555556,
 9127.666667,
 9084.777778,
 8849.111111,
 8827.000000,
 8689.888889,
 8584.666667,
 8483.777778,
 8377.888889,
 8348.111111,
 8164.000000,
 8193.222222,
 8135.222222,
 8039.222222,
 7964.111111,
 7902.666667,
 7859.777778,
 7825.222222,
 7717.222222,
 7716.555556,
 7710.888889,
 7593.666667,
 7623.777778,
 7479.111111,
 7378.777778,
 7349.000000,
 7264.333333,
 7141.888889,
 7039.444444,
 6973.777778,
 6875.444444,
 6846.888889,
 6803.444444,
 6718.777778,
 6685.222222,
 6617.777778,
 6583.000000,
 6493.777778,
 6530.888889,
 6475.222222,
 6327.555556,
 6248.444444,
 6216.444444,
 6127.000000,
 6071.111111,
 6037.444444,
 6080.333333,
 6059.777778,
 6115.777778,
 6035.666667,
 6061.222222,
 6018.888889,
 5917.000000,
 5800.666667,
 5727.555556,
 5562.333333,
 5494.888889,
 5399.777778,
 5318.111111,
 5263.111111,
 5212.555556,
 5193.000000,
 5166.777778,
 5178.333333,
 5214.000000,
 5186.444444,
 5229.222222,
 5326.222222,
 5279.000000,
 5290.777778,
 5376.888889,
 5303.222222,
 5359.111111,
 5370.555556,
 5464.777778,
 5452.666667,
 5565.222222,
 5623.222222,
 5683.444444,
 5766.777778,
 5794.777778,
 5811.000000,
 5748.888889,
 5728.111111,
 5688.000000,
 5629.000000,
 5564.222222,
 5457.333333,
 5420.333333,
 5325.888889,
 5336.666667,
 5279.666667,
 5268.333333,
 5270.333333,
 5230.666667,
 5236.666667,
 5268.555556,
 5283.444444,
 5320.333333,
 5341.222222,
 5340.888889,
 5337.444444,
 5274.555556,
 5300.333333,
 5202.222222,
 5239.444444,
 5165.333333,
 5265.333333,
 5300.000000,
 5393.000000,
 5379.666667,
 5507.111111,
 5508.555556,
 5494.111111,
 5643.666667,
 5656.000000,
 5744.000000,
 5897.777778,
 5927.666667,
 5975.555556,
 6019.111111,
 6101.888889,
 6165.777778,
 6249.000000,
 6279.000000,
 6321.555556,
 6343.555556,
 6357.444444,
 6386.444444,
 6394.777778,
 6418.000000,
 6426.000000,
 6490.000000,
 6408.111111,
 6378.777778,
 6468.111111,
 6453.111111,
 6430.666667,
 6490.222222,
 6461.111111,
 6504.888889,
 6524.111111,
 6519.444444,
 6717.666667,
 6771.888889,
 6849.333333,
 6975.222222,
 7068.555556,
 7201.777778,
 7348.111111,
 7456.777778,
 7498.444444,
 7556.222222,
 7622.555556,
 7713.555556,
 7719.777778,
 7812.444444,
 7900.444444,
 7905.777778,
 8002.444444,
 8045.333333,
 8085.666667,
 8143.666667,
 8202.444444,
 8193.333333,
 8225.777778,
 8274.333333,
 8425.333333,
 8414.333333,
 8487.888889,
 8524.777778,
 8560.333333,
 8581.888889,
 8584.333333,
 8608.000000,
 8701.888889,
 8626.333333,
 8701.666667,
 8723.333333,
 8725.222222,
 8733.444444,
 8805.666667,
 8787.444444,
 8826.000000,
 8849.777778,
 8896.111111,
 8921.555556,
 8975.111111,
 9039.555556,
 9095.222222,
 9124.444444,
 9177.222222,
 9163.777778,
 9254.333333,
 9169.444444,
 9134.333333,
 9106.444444,
 9107.444444,
 9065.666667,
 9018.444444,
 8982.666667,
 8928.555556,
 9016.555556,
 8960.222222,
 9004.111111,
 8976.000000,
 8974.222222,
 9013.666667,
 9086.555556,
 9028.111111,
 9129.555556,
 9151.111111,
 9263.222222,
 9268.222222,
 9257.333333,
 9265.777778,
 9294.333333,
 9421.333333,
 9338.000000,
 9319.444444,
 9262.555556,
 9212.555556,
 9149.777778,
 9171.222222,
 9157.111111,
 9060.111111,
 9077.888889,
 9007.555556,
 9149.444444,
 9028.333333,
 8982.444444,
 9042.444444,
 9023.333333,
 9032.888889,
 9035.000000,
 8983.444444,
 9063.000000,
 8995.333333,
 9038.000000,
 8989.888889,
 8999.444444,
 8923.222222,
 8992.222222,
 8885.333333,
 8922.666667,
 8927.666667,
 8924.000000,
 8988.666667,
 8987.000000,
 9009.666667,
 9055.000000,
 9120.555556,
 9178.777778,
 9210.666667,
 9321.777778,
 9372.333333,
 9408.000000,
 9534.000000,
 9622.000000,
 9726.888889,
 9817.555556,
 9963.666667,
 10008.666667,
 10099.333333,
 10208.000000,
 10280.444444,
 10353.111111,
 10426.888889,
 10375.000000,
 10465.444444,
 10512.333333,
 10551.777778,
 10542.222222,
 10567.888889,
 10653.666667,
 10682.222222,
 10699.555556,
 10630.111111,
 10698.777778,
 10756.777778,
 10762.888889,
 10767.000000,
 10771.000000,
 10813.555556,
 10948.777778,
 10945.222222,
 10981.777778,
 11002.555556,
 11111.444444,
 11171.666667,
 11323.111111,
 11362.888889,
 11460.444444,
 11482.444444,
 11546.666667,
 11594.111111,
 11621.555556,
 11583.444444,
 11526.000000,
 11510.777778,
 11358.222222,
 11171.333333,
 11135.111111,
 11172.111111,
 11070.333333,
 11014.111111,
 11000.777778,
 11049.000000,
 11044.111111,
 11103.444444,
 11171.222222,
 11263.555556,
 11372.222222,
 11440.666667,
 11392.222222,
 11400.111111,
 11402.333333,
 11447.333333,
 11384.777778,
 11346.666667,
 11305.333333,
 11178.888889,
 11089.111111,
 11039.222222,
 10912.666667,
 10890.888889,
 10859.777778,
 10748.000000,
 10793.222222,
 10584.777778,
 10565.444444,
 10512.111111,
 10438.111111,
 10453.333333,
 10375.333333,
 10246.666667,
 10207.222222,
 10151.111111,
 10137.777778,
 10083.444444,
 9940.777778,
 9936.666667,
 9993.000000,
 9859.555556,
 9761.222222,
 9760.222222,
 9711.666667,
 9733.000000,
 9660.444444,
 9655.000000,
 9669.777778,
 9611.333333,
 9538.888889,
 9534.555556,
 9533.666667,
 9515.777778,
 9545.777778,
 9447.555556,
 9503.555556,
 9458.555556,
 9429.222222,
 9313.222222,
 9382.444444,
 9337.888889,
 9293.888889,
 9218.888889,
 9266.000000,
 9154.222222,
 9151.333333,
 9120.777778,
 9085.222222,
 8987.888889,
 9047.777778,
 8974.555556,
 8960.000000,
 8866.888889,
 8842.666667,
 8786.777778,
 8787.777778,
 8782.666667,
 8663.666667,
 8648.444444,
 8617.333333,
 8659.555556,
 8642.000000,
 8622.555556,
 8611.888889,
 8640.555556,
 8648.222222,
 8584.444444,
 8596.777778,
 8558.222222,
 8500.222222,
 8472.000000,
 8430.888889,
 8386.333333,
 8438.666667,
 8298.333333,
 8149.333333,
 8175.777778,
 8070.333333,
 8019.444444,
 7951.666667,
 7863.888889,
 7797.444444,
 7710.888889,
 7631.666667,
 7529.555556,
 7449.333333,
 7417.111111,
 7308.222222,
 7183.555556,
 7248.777778,
 7125.888889,
 7066.555556,
 7028.888889,
 6969.222222,
 6824.000000,
 6846.333333,
 6710.222222,
 6689.777778,
 6653.888889,
 6620.333333,
 6568.000000,
 6451.333333,
 6389.000000,
 6382.111111,
 6331.111111,
 6300.111111,
 6245.555556,
 6274.777778,
 6205.555556,
 6158.777778,
 6063.444444,
 6082.000000,
 6080.000000,
 5973.333333,
 5932.000000,
 5924.111111,
 5870.000000,
 5841.333333,
 5785.333333,
 5649.888889,
 5625.666667,
 5555.333333,
 5495.000000,
 5438.444444,
 5358.555556,
 5294.888889,
 5287.666667,
 5173.888889,
 5134.000000,
 5141.333333,
 5088.000000,
 4981.333333,
 4988.555556,
 4925.000000,
 4911.333333,
 4863.333333,
 4823.222222,
 4812.222222,
 4761.444444,
 4672.333333,
 4688.222222,
 4620.222222,
 4604.000000,
 4556.111111,
 4535.444444,
 4517.555556,
 4413.777778,
 4396.888889,
 4381.777778,
 4313.222222,
 4287.222222,
 4253.555556,
 4211.555556,
 4191.888889,
 4140.666667,
 4108.000000,
 4103.000000,
 4068.000000,
 4032.111111,
 3969.444444,
 3882.888889,
 3889.444444,
 3890.111111,
 3869.555556,
 3751.333333,
 3754.000000,
 3736.000000,
 3685.888889,
 3686.444444,
 3654.000000,
 3659.666667,
 3623.555556,
 3584.000000,
 3607.666667,
 3556.444444,
 3526.555556,
 3564.333333,
 3457.000000,
 3439.888889,
 3425.444444,
 3423.555556,
 3399.222222,
 3365.888889,
 3358.777778,
 3363.222222,
 3387.444444,
 3300.444444,
 3322.444444,
 3263.888889,
 3241.777778,
 3256.333333,
 3255.222222,
 3243.000000,
 3245.888889,
 3187.888889,
 3216.777778,
 3176.333333,
 3191.777778,
 3211.222222,
 3128.222222,
 3049.444444,
 3025.000000,
 3019.555556,
 2963.444444,
 2999.888889,
 2909.111111,
 2887.444444,
 2838.555556,
 2882.444444,
 2790.666667,
 2766.333333,
 2789.222222,
 2813.777778,
 2734.555556,
 2754.222222,
 2747.000000,
 2735.666667,
 2700.777778,
 2745.666667,
 2748.000000,
 2699.666667,
 2746.222222,
 2661.111111,
 2653.222222,
 2650.555556,
 2636.777778,
 2630.333333,
 2607.444444,
 2579.888889,
 2567.666667,
 2595.222222,
 2538.222222,
 2511.444444,
 2530.444444,
 2522.333333,
 2529.000000,
 2508.444444,
 2515.777778,
 2498.111111,
 2486.888889,
 2479.444444,
 2490.000000,
 2469.222222,
 2455.111111,
 2427.222222,
 2512.111111,
 2420.888889,
 2456.222222,
 2465.888889,
 2416.777778,
 2423.444444,
 2421.222222,
 2440.777778,
 2450.888889,
 2426.333333,
 2456.666667,
 2427.333333,
 2425.444444,
 2441.222222,
 2456.666667,
 2449.222222,
 2478.555556,
 2480.888889,
 2455.111111,
 2469.555556,
 2453.333333,
 2456.000000,
 2460.111111,
 2519.444444,
 2526.888889,
 2501.888889,
 2501.555556,
 2515.333333,
 2546.111111,
 2587.444444,
 2571.555556,
 2554.777778,
 2608.888889,
 2541.666667,
 2599.888889,
 2603.333333,
 2641.444444,
 2597.222222,
 2644.333333,
 2619.444444,
 2657.333333,
 2669.777778,
 2691.888889,
 2789.222222,
 2728.444444,
 2752.666667,
 2773.444444,
 2776.555556,
 2796.666667,
 2800.111111,
 2837.888889,
 2823.555556,
 2854.111111,
 2862.111111,
 2856.000000,
 2923.333333,
 2897.222222,
 2966.333333,
 2938.555556,
 2942.333333,
 2990.666667,
 2978.111111,
 3004.888889,
 3011.777778,
 3059.444444,
 3023.333333,
 3077.888889,
 3111.777778,
 3116.777778,
 3139.333333,
 3161.222222,
 3159.888889,
 3186.777778,
 3188.777778,
 3197.888889,
 3265.888889,
 3255.000000,
 3303.111111,
 3314.555556,
 3319.111111,
 3339.555556,
 3377.222222,
 3415.777778,
 3459.666667,
 3463.111111,
 3481.000000,
 3434.777778,
 3536.111111,
 3557.777778,
 3570.444444,
 3633.555556,
 3630.222222,
 3647.333333,
 3632.777778,
 3665.777778,
 3709.000000,
 3730.111111,
 3783.222222,
 3744.555556,
 3803.333333,
 3827.444444,
 3859.777778,
 3882.333333,
 3918.333333,
 3999.888889,
 3987.333333,
 4033.333333,
 4070.666667,
 4067.000000,
 4128.666667,
 4164.222222,
 4191.777778,
 4163.111111,
 4157.444444,
 4211.222222,
 4267.555556,
 4215.222222,
 4220.666667,
 4184.111111,
 4236.888889,
 4222.555556,
 4224.000000,
 4303.666667,
 4269.111111,
 4331.555556,
 4325.000000,
 4300.666667,
 4349.111111,
 4333.777778,
 4360.888889,
 4394.888889,
 4448.111111,
 4389.444444,
 4401.333333,
 4399.888889,
 4477.333333,
 4527.333333,
 4505.222222,
 4496.111111,
 4532.888889,
 4552.222222,
 4542.444444,
 4603.333333,
 4642.222222,
 4658.666667,
 4690.000000,
 4713.666667,
 4687.444444,
 4773.444444,
 4717.444444,
 4806.222222,
 4795.222222,
 4819.444444,
 4843.111111,
 4869.777778,
 4911.222222,
 4950.333333,
 4910.222222,
 4920.333333,
 4954.777778,
 4947.333333,
 4951.666667,
 4953.555556,
 4923.111111,
 4925.666667,
 4977.000000,
 4977.666667,
 4980.555556,
 5002.666667,
 4975.111111,
 5020.444444,
 4952.111111,
 4943.111111,
 5005.222222,
 5032.777778,
 5005.222222,
 5005.333333,
 5009.666667