1115.222222,
 1100.555556,
 1144.000000,
 1099.222222,
 1135.555556,
 1094.888889,
 1142.888889,
 1115.666667,
 1117.000000,
 1117.666667,
 1143.000000,
 1133.222222,
 1143.222222,
 1101.222222,
 1172.888889,
 1131.222222,
 1159.777778,
 1126.555556,
 1184.000000,
 1167.888889,
 1155.777778,
 1170.666667,
 1196.000000,
 1191.000000,
 1226.222222,
 1225.000000,
 1208.666667,
 1189.222222,
 1201.555556,
 1191.333333,
 1263.777778,
 1166.888889,
 1195.444444,
 1159.000000,
 1182.555556,
 1195.444444,
 1210.000000,
 1212.333333,
 1218.666667,
 1224.222222,
 1222.222222,
 1239.555556,
 1216.222222,
 1193.222222,
 1256.444444,
 1248.888889,
 1223.222222,
 1198.666667,
 1241.777778,
 1227.111111,
 1212.222222,
 1240.111111,
 1201.777778,
 1163.888889,
 1188.444444,
 1197.333333,
 1172.666667,
 1173.000000,
 1183.333333,
 1166.555556,
 1168.000000,
 1192.777778,
 1172.666667,
 1223.444444,
 1241.888889,
 1301.555556,
 1331.666667,
 1187.888889,
 1236.333333,
 1280.333333,
 1280.777778,
 1321.555556,
 1319.000000,
 1328.666667,
 1404.777778,
 1385.777778,
 1489.333333,
 1402.333333,
 1506.222222,
 1521.333333,
 1512.111111,
 1522.222222,
 1552.444444,
 1584.888889,
 1542.888889,
 1491.555556,
 1440.777778,
 1387.888889,
 1392.777778,
 1326.777778,
 1332.888889,
 1423.444444,
 1614.777778,
 1684.666667,
 1767.444444,
 1914.000000,
 2048.444444,
 2027.333333,
 2081.444444,
 2117.666667,
 2158.555556,
 2178.333333,
 2225.222222,
 2285.444444,
 2332.777778,
 2297.111111,
 2312.111111,
 2415.222222,
 2354.666667,
 2408.444444,
 2438.222222,
 2422.555556,
 2484.888889,
 2503.444444,
 2578.111111,
 2623.666667,
 2731.444444,
 2771.777778,
 2807.222222,
 2810.222222,
 2872.444444,
 2836.666667,
 2841.333333,
 2818.555556,
 2844.111111,
 2893.666667,
 2950.333333,
 2992.888889,
 3154.111111,
 3183.444444,
 3359.888889,
 3374.222222,
 3360.222222,
 3414.222222,
 3414.777778,
 3416.000000,
 3442.555556,
 3488.666667,
 3525.666667,
 3556.888889,
 3622.333333,
 3660.222222,
 3730.555556,
 3682.666667,
 3585.666667,
 3323.111111,
 2878.444444,
 2492.222222,
 2160.777778,
 2099.555556,
 2080.111111,
 2070.777778,
 2534.888889,
 3276.000000,
 3660.444444,
 4194.888889,
 4780.222222,
 5130.555556,
 5199.555556,
 5171.333333,
 5176.000000,
 5148.444444,
 5218.000000,
 5289.111111,
 5488.444444,
 5696.666667,
 5863.333333,
 5975.777778,
 6031.444444,
 6276.444444,
 6610.888889,
 6786.777778,
 6858.000000,
 6837.444444,
 6795.000000,
 6728.666667,
 6804.222222,
 6892.111111,
 7016.333333,
 7127.333333,
 7404.777778,
 7467.666667,
 7617.777778,
 7602.777778,
 7799.888889,
 7765.222222,
 7987.444444,
 8070.777778,
 8189.222222,
 8287.000000,
 8390.666667,
 8522.111111,
 8690.555556,
 8797.000000,
 8887.000000,
 9043.111111,
 9239.666667,
 9291.444444,
 9470.444444,
 9661.666667,
 9729.333333,
 9937.666667,
 10133.444444,
 10359.444444,
 10563.000000,
 10677.666667,
 10977.888889,
 11155.777778,
 11221.666667,
 11211.000000,
 11146.111111,
 10933.666667,
 10487.111111,
 9833.222222,
 8871.666667,
 7470.000000,
 5906.333333,
 5277.555556,
 5833.000000,
 6389.888889,
 6616.555556,
 8110.333333,
 10517.333333,
 12601.111111,
 14737.000000,
 16313.333333,
 17126.777778,
 17524.555556,
 18152.555556,
 18937.111111,
 19877.666667,
 20770.333333,
 21838.222222,
 22945.000000,
 24055.333333,
 25446.777778,
 26477.666667,
 27550.333333,
 28371.888889,
 28623.111111,
 28431.555556,
 27594.333333,
 26680.666667,
 25589.888889,
 24665.111111,
 23839.111111,
 23157.000000,
 22669.444444,
 22457.333333,
 22316.333333,
 22220.000000,
 22052.222222,
 21881.666667,
 21612.333333,
 21203.222222,
 20404.555556,
 19741.333333,
 19207.333333,
 18723.222222,
 18473.555556,
 18250.777778,
 18024.000000,
 17949.111111,
 17989.000000,
 18025.222222,
 18230.444444,
 18351.111111,
 18541.444444,
 18775.444444,
 18823.333333,
 18876.777778,
 18704.777778,
 18600.000000,
 18503.222222,
 18388.555556,
 18312.444444,
 18217.111111,
 18225.444444,
 18329.111111,
 18540.888889,
 18891.666667,
 19183.888889,
 19302.888889,
 19328.444444,
 19017.444444,
 18833.888889,
 18460.888889,
 18216.111111,
 18029.777778,
 18054.555556,
 18252.444444,
 18463.000000,
 18550.333333,
 18619.000000,
 18475.222222,
 18340.555556,
 18260.111111,
 18287.000000,
 18198.222222,
 18231.444444,
 18201.222222,
 18301.888889,
 18424.333333,
 18774.222222,
 18837.444444,
 19086.000000,
 19303.000000,
 19735.333333,
 20090.555556,
 20432.111111,
 21033.111111,
 21481.555556,
 22104.444444,
 22683.111111,
 23028.111111,
 23690.000000,
 24352.555556,
 24918.555556,
 25551.444444,
 26141.000000,
 26553.777778,
 26804.777778,
 26758.111111,
 26535.777778,
 26031.666667,
 25323.111111,
 24786.777778,
 24258.222222,
 23557.333333,
 23000.888889,
 22493.777778,
 22010.111111,
 21804.777778,
 21589.111111,
 21564.222222,
 21515.000000,
 21547.333333,
 21768.111111,
 21872.222222,
 22104.333333,
 22518.222222,
 22974.777778,
 23424.444444,
 24228.555556,
 25022.333333,
 25977.888889,
 27048.111111,
 28177.111111,
 29354.666667,
 30125.555556,
 30193.888889,
 29839.777778,
 28663.444444,
 27744.888889,
 26888.000000,
 25894.111111,
 25093.111111,
 24697.222222,
 24051.888889,
 23442.888889,
 22837.777778,
 22255.333333,
 21553.111111,
 20952.888889,
 20393.333333,
 19976.444444,
 19462.555556,
 19009.111111,
 18647.444444,
 18241.555556,
 17986.444444,
 17822.444444,
 17752.666667,
 17643.666667,
 17653.333333,
 17589.555556,
 17528.555556,
 17681.444444,
 17916.333333,
 18175.777778,
 18335.000000,
 18501.666667,
 18508.666667,
 18134.444444,
 17695.888889,
 17338.555556,
 16904.777778,
 16590.333333,
 16391.111111,
 16071.222222,
 15883.555556,
 15615.333333,
 15521.444444,
 15486.000000,
 15353.888889,
 15389.333333,
 15354.111111,
 15303.666667,
 15335.222222,
 15280.222222,
 15300.888889,
 15479.555556,
 15573.000000,
 15633.000000,
 15902.111111,
 15989.333333,
 16119.888889,
 16345.555556,
 16601.777778,
 16789.444444,
 17006.222222,
 17383.000000,
 17843.555556,
 18302.333333,
 18664.111111,
 18763.222222,
 18862.666667,
 19184.666667,
 19262.666667,
 19625.888889,
 20159.555556,
 20710.888889,
 21335.111111,
 21868.888889,
 22573.777778,
 22791.333333,
 23536.222222,
 24278.666667,
 25122.555556,
 25920.666667,
 26577.888889,
 26626.333333,
 26365.000000,
 25573.333333,
 24652.000000,
 23780.666667,
 22969.000000,
 22370.888889,
 21772.000000,
 20948.444444,
 20406.888889,
 19913.777778,
 19533.000000,
 19370.111111,
 19027.111111,
 18829.444444,
 18683.222222,
 18659.000000,
 18396.333333,
 18232.777778,
 18139.777778,
 17783.666667,
 17666.666667,
 17461.000000,
 17266.888889,
 17062.444444,
 16980.888889,
 16713.555556,
 16664.888889,
 16591.444444,
 16447.222222,
 16556.000000,
 16479.444444,
 16567.888889,
 16514.444444,
 16747.111111,
 16923.444444,
 17089.444444,
 17410.333333,
 17732.888889,
 18093.444444,
 18392.333333,
 18634.888889,
 18665.444444,
 18498.222222,
 18232.666667,
 18054.888889,
 17946.777778,
 17623.555556,
 17663.222222,
 17708.111111,
 17726.444444,
 17757.777778,
 17786.333333,
 17872.111111,
 17774.111111,
 17693.000000,
 17820.666667,
 17809.444444,
 17674.444444,
 17800.444444,
 17729.555556,
 17782.555556,
 17709.444444,
 17783.000000,
 17817.444444,
 18012.888889,
 18379.000000,
 18811.777778,
 19540.222222,
 20415.222222,
 21312.000000,
 22273.222222,
 22556.333333,
 22467.555556,
 22014.111111,
 21364.666667,
 20734.444444,
 20283.666667,
 19917.333333,
 19445.888889,
 19241.777778,
 19002.555556,
 18847.777778,
 18677.333333,
 18475.777778,
 18289.333333,
 18142.111111,
 18067.555556,
 17923.222222,
 17813.555556,
 17693.666667,
 17560.777778,
 17461.888889,
 17505.111111,
 17391.444444,
 17572.333333,
 17731.666667,
 17975.333333,
 18262.333333,
 18541.666667,
 18848.333333,
 18987.111111,
 19062.222222,
 19248.000000,
 19462.888889,
 19737.222222,
 19764.666667,
 19892.777778,
 20048.222222,
 20070.333333,
 20158.222222,
 20208.444444,
 20091.777778,
 20151.222222,
 20146.222222,
 20224.444444,
 20115.222222,
 20323.444444,
 20356.222222,
 20436.000000,
 20626.777778,
 20877.000000,
 20994.888889,
 21138.444444,
 21365.555556,
 21557.333333,
 21951.666667,
 22030.000000,
 22360.555556,
 22667.333333,
 22853.555556,
 23360.444444,
 23618.666667,
 24098.333333,
 24510.444444,
 24936.222222,
 25493.222222,
 25822.333333,
 26228.333333,
 26682.444444,
 27331.000000,
 27863.555556,
 28215.444444,
 28122.444444,
 28035.222222,
 27627.111111,
 27251.111111,
 27199.888889,
 27050.888889,
 26795.888889,
 26993.333333,
 26973.777778,
 27236.777778,
 27733.333333,
 28004.555556,
 28206.666667,
 28465.888889,
 28423.444444,
 28477.222222,
 28253.777778,
 28432.888889,
 28610.222222,
 28925.666667,
 29282.000000,
 29641.333333,
 29987.555556,
 29906.222222,
 29986.666667,
 30214.111111,
 30270.333333,
 30331.000000,
 30335.555556,
 30090.000000,
 29936.555556,
 29358.777778,
 29151.000000,
 28793.111111,
 28545.111111,
 28424.666667,
 28426.111111,
 28220.666667,
 28248.666667,
 28234.222222,
 28248.666667,
 28285.555556,
 28545.444444,
 28594.555556,
 28652.444444,
 28894.111111,
 29192.111111,
 29582.444444,
 30199.555556,
 30712.666667,
 31221.555556,
 31314.222222,
 31235.666667,
 31246.000000,
 31081.111111,
 30794.888889,
 30411.555556,
 30315.333333,
 30157.777778,
 30126.555556,
 30127.666667,
 30118.000000,
 29849.000000,
 29610.111111,
 29532.222222,
 29333.333333,
 29387.666667,
 29445.000000,
 29420.555556,
 29565.888889,
 29871.777778,
 29926.666667,
 30190.555556,
 30574.111111,
 30938.444444,
 31187.666667,
 31480.555556,
 31966.666667,
 32261.444444,
 32341.888889,
 32612.333333,
 32532.666667,
 32381.555556,
 32398.333333,
 32377.222222,
 32403.222222,
 32517.444444,
 32688.000000,
 32809.666667,
 32934.444444,
 33374.444444,
 33663.444444,
 33684.666667,
 33754.888889,
 33688.777778,
 33656.888889,
 33600.555556,
 33322.555556,
 33182.777778,
 32795.888889,
 32492.111111,
 32298.333333,
 31750.666667,
 31302.222222,
 30942.000000,
 30705.000000,
 30452.888889,
 30056.666667,
 29848.333333,
 29399.777778,
 29318.555556,
 29134.222222,
 28955.888889,
 28565.000000,
 28583.444444,
 28396.555556,
 28197.666667,
 28091.444444,
 27970.222222,
 27853.888889,
 27780.666667,
 27657.666667,
 27580.111111,
 27584.111111,
 27616.666667,
 27696.888889,
 27705.333333,
 27598.444444,
 27559.666667,
 27492.777778,
 27052.333333,
 26874.555556,
 26477.555556,
 26314.222222,
 26070.000000,
 26037.000000,
 25768.666667,
 25681.888889,
 25704.333333,
 25742.333333,
 25788.888889,
 25404.555556,
 25368.444444,
 25380.000000,
 25296.777778,
 25178.222222,
 25244.000000,
 25166.444444,
 25309.333333,
 25356.111111,
 25442.666667,
 25564.444444,
 25597.333333,
 25796.555556,
 25944.222222,
 26175.777778,
 26031.111111,
 25987.111111,
 25950.777778,
 26133.333333,
 26091.444444,
 26131.777778,
 26216.888889,
 26439.666667,
 26724.888889,
 27041.222222,
 27466.555556,
 27616.777778,
 27949.000000,
 28098.888889,
 28438.333333,
 28736.222222,
 28603.444444,
 28537.222222,
 28501.777778,
 28508.666667,
 28518.777778,
 28387.000000,
 28585.777778,
 28467.000000,
 28400.888889,
 28490.777778,
 28203.555556,
 28194.000000,
 28258.555556,
 28215.222222,
 28327.666667,
 28386.444444,
 28357.888889,
 28401.777778,
 28442.111111,
 28472.888889,
 28202.777778,
 28455.555556,
 28141.333333,
 28187.888889,
 27926.777778,
 28020.222222,
 27928.555556,
 27923.111111,
 27916.555556,
 28139.000000,
 28283.111111,
 28255.777778,
 28754.000000,
 28997.000000,
 29370.111111,
 29845.111111,
 30379.777778,
 30906.222222,
 31491.444444,
 31792.888889,
 31981.777778,
 31771.777778,
 31498.444444,
 30946.222222,
 30520.111111,
 30073.666667,
 29735.333333,
 29474.777778,
 29012.333333,
 28857.555556,
 28683.111111,
 28389.444444,
 28344.777778,
 28272.000000,
 28188.222222,
 27973.111111,
 28110.444444,
 27874.555556,
 27931.333333,
 27704.888889,
 27750.888889,
 27743.666667,
 27792.777778,
 27935.555556,
 28135.444444,
 28239.888889,
 28431.555556,
 28459.333333,
 28589.000000,
 28617.000000,
 28554.111111,
 28452.555556,
 28292.444444,
 27925.000000,
 27884.888889,
 27507.888889,
 27278.888889,
 26964.444444,
 26859.000000,
 26628.888889,
 26577.222222,
 26578.111111,
 26392.888889,
 26372.888889,
 26402.222222,
 26307.000000,
 26452.111111,
 26515.444444,
 26572.555556,
 26589.555556,
 26793.666667,
 26976.222222,
 27232.000000,
 27456.777778,
 27592.000000,
 27912.555556,
 28202.666667,
 28674.444444,
 29042.888889,
 29434.555556,
 29689.000000,
 29988.333333,
 30073.777778,
 30090.777778,
 29861.000000,
 29652.888889,
 29384.888889,
 29034.000000,
 28823.555556,
 28418.666667,
 28199.666667,
 27927.333333,
 27627.222222,
 27710.222222,
 27552.555556,
 27482.555556,
 27405.000000,
 27288.888889,
 27051.111111,
 26631.666667,
 26243.777778,
 25881.333333,
 25734.000000,
 25361.111111,
 25127.111111,
 24799.444444,
 24571.444444,
 24383.000000,
 24292.444444,
 23986.666667,
 23783.666667,
 23768.555556,
 23581.777778,
 23548.111111,
 23540.000000,
 23504.000000,
 23265.555556,
 23198.555556,
 23103.777778,
 22987.111111,
 22980.888889,
 22891.000000,
 22768.555556,
 22664.333333,
 22782.222222,
 22637.000000,
 22558.777778,
 22587.333333,
 22599.111111,
 22335.777778,
 22568.000000,
 22580.000000,
 22547.222222,
 22499.777778,
 22599.000000,
 22646.555556,
 22712.222222,
 22664.555556,
 22751.111111,
 22830.444444,
 22822.333333,
 22581.444444,
 22506.000000,
 22504.666667,
 22379.555556,
 22317.111111,
 22138.666667,
 21919.222222,
 21644.777778,
 21437.444444,
 21130.888889,
 20930.000000,
 20673.000000,
 20464.777778,
 20229.555556,
 20032.111111,
 19870.222222,
 19628.333333,
 19496.555556,
 19326.111111,
 19082.222222,
 18760.555556,
 18626.777778,
 18536.000000,
 18360.333333,
 18187.333333,
 18045.111111,
 17929.666667,
 17825.666667,
 17647.333333,
 17566.222222,
 17533.111111,
 17471.777778,
 17429.777778,
 17311.888889,
 17329.777778,
 17297.000000,
 17155.444444,
 17080.444444,
 17032.666667,
 16711.000000,
 16731.555556,
 16565.777778,
 16433.222222,
 16323.222222,
 16101.222222,
 15937.444444,
 15797.333333,
 15682.555556,
 15530.333333,
 15438.888889,
 15233.222222,
 15232.666667,
 15078.444444,
 15056.555556,
 14920.333333,
 14930.444444,
 14708.777778,
 14722.444444,
 14603.000000,
 14593.444444,
 14583.111111,
 14499.444444,
 14375.000000,
 14278.555556,
 14230.777778,
 14160.444444,
 14068.222222,
 13971.444444,
 13898.444444,
 13933.666667,
 13894.777778,
 13903.888889,
 13888.777778,
 13882.888889,
 13949.444444,
 14035.000000,
 14033.111111,
 14093.444444,
 14001.000000,
 14159.777778,
 14073.555556,
 13983.222222,
 14029.444444,
 13975.000000,
 13831.222222,
 13704.666667,
 13665.444444,
 13468.222222,
 13300.888889,
 13130.555556,
 13082.333333,
 12864.000000,
 12721.888889,
 12534.000000,
 12334.777778,
 12151.111111,
 11939.000000,
 11862.777778,
 11644.111111,
 11477.222222,
 11277.000000,
 11056.333333,
 10955.777778,
 10874.777778,
 10775.111111,
 10699.777778,
 10512.333333,
 10450.888889,
 10405.000000,
 10342.222222,
 10200.555556,
 10127.444444,
 10134.666667,
 10016.777778,
 10031.222222,
 9958.222222,
 9863.111111,
 9809.333333,
 9697.111111,
 9635.222222,
 9487.777778,
 9473.444444,
 9316.555556,
 9273.222222,
 9106.222222,
 9041.888889,
 8885.555556,
 8834.555556,
 8751.000000,
 8669.222222,
 8630.000000,
 8489.333333,
 8460.222222,
 8481.666667,
 8367.000000,
 8328.333333,
 8259.000000,
 8189.666667,
 8158.888889,
 8107.555556,
 8114.111111,
 8055.555556,
 8019.888889,
 8006.666667,
 7899.000000,
 7791.333333,
 7762.666667,
 7657.888889,
 7577.333333,
 7444.000000,
 7418.555556,
 7317.777778,
 7324.444444,
 7271.555556,
 7192.222222,
 7154.888889,
 7073.555556,
 7104.444444,
 7000.555556,
 7017.444444,
 6988.888889,
 6837.777778,
 6754.333333,
 6712.555556,
 6625.111111,
 6602.222222,
 6610.222222,
 6594.444444,
 6593.888889,
 6625.666667,
 6561.000000,
 6555.888889,
 6560.111111,
 6411.222222,
 6292.111111,
 6189.111111,
 6020.555556,
 5930.777778,
 5807.444444,
 5749.000000,
 5716.000000,
 5644.222222,
 5634.111111,
 5604.444444,
 5572.555556,
 5640.888889,
 5594.777778,
 5644.000000,
 5765.777778,
 5695.444444,
 5691.777778,
 5765.777778,
 5672.000000,
 5745.666667,
 5739.444444,
 5841.888889,
 5781.222222,
 5932.000000,
 5957.444444,
 5983.666667,
 6111.555556,
 6101.444444,
 6080.000000,
 5986.000000,
 5916.555556,
 5797.000000,
 5767.777778,
 5678.000000,
 5585.777778,
 5467.111111,
 5412.777778,
 5369.444444,
 5325.222222,
 5326.111111,
 5271.333333,
 5274.666667,
 5226.666667,
 5259.333333,
 5283.000000,
 5319.111111,
 5296.111111,
 5277.888889,
 5262.555556,
 5238.555556,
 5203.555556,
 5184.777778,
 5204.777778,
 5142.888889,
 5167.888889,
 5193.777778,
 5275.555556,
 5339.000000,
 5368.000000,
 5406.222222,
 5401.111111,
 5526.111111,
 5487.555556,
 5551.111111,
 5663.777778,
 5718.333333,
 5711.333333,
 5782.333333,
 5826.000000,
 5919.222222,
 5981.333333,
 6029.000000,
 6012.444444,
 6059.888889,
 6040.777778,
 6120.333333,
 6123.444444,
 6147.777778,
 6188.555556,
 6177.666667,
 6153.444444,
 6147.666667,
 6159.555556,
 6166.888889,
 6165.000000,
 6226.555556,
 6168.888889,
 6237.111111,
 6248.555556,
 6301.333333,
 6404.444444,
 6535.111111,
 6550.222222,
 6627.333333,
 6697.111111,
 6882.444444,
 6924.555556,
 7004.666667,
 7054.555556,
 7145.111111,
 7190.777778,
 7306.555556,
 7346.666667,
 7316.333333,
 7448.666667,
 7470.222222,
 7560.333333,
 7594.888889,
 7612.111111,
 7638.000000,
 7729.888889,
 7747.666667,
 7824.111111,
 7886.000000,
 7955.222222,
 8043.888889,
 8052.777778,
 8069.888889,
 8072.222222,
 8150.777778,
 8180.888889,
 8219.777778,
 8255.111111,
 8171.444444,
 8290.333333,
 8268.777778,
 8286.222222,
 8379.444444,
 8354.333333,
 8342.777778,
 8345.555556,
 8423.333333,
 8497.555556,
 8488.111111,
 8526.888889,
 8551.333333,
 8640.333333,
 8662.111111,
 8696.222222,
 8699.000000,
 8796.666667,
 8763.000000,
 8672.444444,
 8644.111111,
 8567.333333,
 8610.666667,
 8512.444444,
 8526.222222,
 8473.111111,
 8492.777778,
 8456.333333,
 8438.000000,
 8488.222222,
 8464.888889,
 8512.222222,
 8554.666667,
 8605.444444,
 8577.222222,
 8677.444444,
 8766.222222,
 8742.111111,
 8842.333333,
 8780.888889,
 8806.000000,
 8913.333333,
 8872.888889,
 8874.888889,
 8858.111111,
 8802.888889,
 8781.888889,
 8735.888889,
 8745.777778,
 8605.333333,
 8641.000000,
 8624.666667,
 8703.555556,
 8664.555556,
 8577.666667,
 8635.777778,
 8634.000000,
 8677.333333,
 8644.222222,
 8653.222222,
 8644.555556,
 8592.777778,
 8618.222222,
 8616.000000,
 8561.444444,
 8604.111111,
 8617.333333,
 8544.111111,
 8552.000000,
 8574.777778,
 8566.333333,
 8570.666667,
 8551.222222,
 8643.222222,
 8694.555556,
 8764.777778,
 8761.777778,
 8847.888889,
 8895.111111,
 8945.777778,
 9053.888889,
 9132.000000,
 9246.666667,
 9263.777778,
 9438.444444,
 9538.444444,
 9551.222222,
 9655.111111,
 9758.333333,
 9749.222222,
 9831.111111,
 9828.444444,
 9920.777778,
 10028.555556,
 10075.000000,
 10101.222222,
 10071.555556,
 10156.777778,
 10185.777778,
 10279.444444,
 10236.888889,
 10212.333333,
 10290.333333,
 10259.222222,
 10281.888889,
 10346.000000,
 10356.333333,
 10348.333333,
 10474.666667,
 10523.222222,
 10544.888889,
 10557.222222,
 10669.888889,
 10769.333333,
 10945.222222,
 10960.222222,
 11084.000000,
 11027.444444,
 11076.444444,
 11103.666667,
 11172.222222,
 11101.111111,
 11045.555556,
 11002.444444,
 10918.777778,
 10745.555556,
 10764.111111,
 10783.333333,
 10615.888889,
 10642.111111,
 10620.777778,
 10624.333333,
 10668.888889,
 10735.777778,
 10774.555556,
 10825.666667,
 10957.000000,
 10988.000000,
 10973.888889,
 10996.333333,
 11009.222222,
 11046.666667,
 11051.777778,
 10901.000000,
 10899.777778,
 10774.111111,
 10720.888889,
 10597.444444,
 10564.222222,
 10490.222222,
 10429.111111,
 10370.333333,
 10358.000000,
 10196.111111,
 10181.333333,
 10167.555556,
 10059.444444,
 10120.444444,
 10009.111111,
 9952.888889,
 9850.555556,
 9771.222222,
 9807.777778,
 9753.777778,
 9666.444444,
 9611.444444,
 9623.444444,
 9532.888889,
 9445.333333,
 9432.444444,
 9417.555556,
 9429.888889,
 9363.111111,
 9385.111111,
 9423.000000,
 9295.555556,
 9275.111111,
 9293.444444,
 9246.777778,
 9231.888889,
 9213.666667,
 9146.666667,
 9203.777778,
 9113.111111,
 9153.222222,
 9021.555556,
 9096.222222,
 9104.222222,
 8996.444444,
 9011.666667,
 8949.555556,
 8956.222222,
 8904.333333,
 8835.111111,
 8856.333333,
 8818.111111,
 8825.444444,
 8740.555556,
 8663.444444,
 8607.444444,
 8573.777778,
 8599.555556,
 8499.000000,
 8599.111111,
 8486.222222,
 8405.111111,
 8436.000000,
 8463.000000,
 8394.333333,
 8444.000000,
 8468.777778,
 8418.000000,
 8434.333333,
 8432.555556,
 8398.777778,
 8383.444444,
 8263.333333,
 8261.888889,
 8259.777778,
 8218.333333,
 8221.888889,
 8080.555556,
 7986.666667,
 7962.444444,
 7921.444444,
 7859.000000,
 7750.333333,
 7679.777778,
 7667.444444,
 7534.222222,
 7478.000000,
 7382.111111,
 7318.555556,
 7318.888889,
 7178.222222,
 7130.111111,
 7092.666667,
 6994.333333,
 6941.555556,
 6936.111111,
 6867.777778,
 6772.444444,
 6679.222222,
 6601.555556,
 6511.111111,
 6581.777778,
 6521.444444,
 6437.555556,
 6324.222222,
 6346.888889,
 6288.555556,
 6219.555556,
 6222.777778,
 6141.000000,
 6176.666667,
 6164.777778,
 6140.888889,
 6027.222222,
 6007.222222,
 6014.888889,
 5922.222222,
 5843.333333,
 5899.111111,
 5805.444444,
 5784.111111,
 5715.666667,
 5667.666667,
 5597.777778,
 5475.333333,
 5457.444444,
 5429.888889,
 5337.111111,
 5305.555556,
 5273.444444,
 5198.888889,
 5151.000000,
 5113.666667,
 5059.888889,
 4966.888889,
 4968.222222,
 4944.555556,
 4897.666667,
 4912.666667,
 4834.000000,
 4813.000000,
 4759.555556,
 4699.777778,
 4745.333333,
 4654.777778,
 4650.000000,
 4601.777778,
 4541.666667,
 4534.000000,
 4473.444444,
 4457.111111,
 4420.111111,
 4326.111111,
 4354.888889,
 4320.111111,
 4264.000000,
 4211.111111,
 4259.555556,
 4214.555556,
 4194.666667,
 4172.333333,
 4117.333333,
 4041.444444,
 3993.000000,
 4008.555556,
 3965.777778,
 3942.444444,
 3896.777778,
 3862.777778,
 3845.000000,
 3780.111111,
 3773.555556,
 3761.111111,
 3785.333333,
 3721.222222,
 3710.555556,
 3703.000000,
 3693.111111,
 3613.666667,
 3637.777778,
 3598.666667,
 3580.111111,
 3540.666667,
 3540.444444,
 3500.222222,
 3506.111111,
 3494.000000,
 3472.888889,
 3515.333333,
 3428.555556,
 3436.000000,
 3392.444444,
 3387.888889,
 3374.888889,
 3353.555556,
 3369.111111,
 3395.111111,
 3350.000000,
 3330.000000,
 3290.000000,
 3348.777778,
 3313.777778,
 3252.111111,
 3169.222222,
 3169.888889,
 3155.666667,
 3101.777778,
 3131.333333,
 3066.111111,
 3032.111111,
 3002.222222,
 3036.000000,
 2916.333333,
 2921.222222,
 2897.222222,
 2959.888889,
 2883.888889,
 2865.333333,
 2857.666667,
 2885.000000,
 2836.333333,
 2882.333333,
 2868.000000,
 2862.555556,
 2868.222222,
 2784.333333,
 2797.111111,
 2787.666667,
 2780.666667,
 2757.777778,
 2712.111111,
 2724.444444,
 2700.333333,
 2737.777778,
 2649.444444,
 2680.666667,
 2660.444444,
 2636.333333,
 2659.666667,
 2636.444444,
 2621.888889,
 2607.222222,
 2604.888889,
 2579.222222,
 2588.444444,
 2578.111111,
 2564.444444,
 2543.333333,
 2634.444444,
 2503.333333,
 2558.888889,
 2547.000000,
 2503.444444,
 2503.666667,
 2539.777778,
 2570.222222,
 2543.333333,
 2500.888889,
 2547.666667,
 2509.444444,
 2534.444444,
 2544.111111,
 2533.444444,
 2524.777778,
 2546.111111,
 2573.444444,
 2555.333333,
 2542.888889,
 2528.888889,
 2524.777778,
 2535.333333,
 2571.666667,
 2569.666667,
 2574.222222,
 2577.777778,
 2551.777778,
 2599.333333,
 2614.000000,
 2599.333333,
 2583.222222,
 2644.000000,
 2598.888889,
 2645.222222,
 2614.777778,
 2665.444444,
 2644.888889,
 2664.111111,
 2659.666667,
 2680.666667,
 2700.000000,
 2747.333333,
 2797.777778,
 2778.333333,
 2780.666667,
 2785.222222,
 2799.888889,
 2786.444444,
 2811.777778,
 2881.888889,
 2837.888889,
 2875.000000,
 2865.777778,
 2849.000000,
 2926.333333,
 2889.444444,
 2983.555556,
 2924.888889,
 2934.000000,
 2983.666667,
 2993.222222,
 3005.444444,
 3009.555556,
 2994.222222,
 3037.888889,
 3067.777778,
 3077.888889,
 3102.888889,
 3124.555556,
 3123.888889,
 3130.222222,
 3166.555556,
 3157.555556,
 3173.111111,
 3202.222222,
 3257.000000,
 3302.777778,
 3323.111111,
 3312.444444,
 3311.111111,
 3337.333333,
 3356.000000,
 3408.444444,
 3435.333333,
 3430.444444,
 3399.333333,
 3469.888889,
 3471.000000,
 3484.222222,
 3558.666667,
 3553.555556,
 3565.666667,
 3576.555556,
 3599.888889,
 3644.000000,
 3667.666667,
 3711.555556,
 3688.444444,
 3729.555556,
 3734.111111,
 3773.777778,
 3822.444444,
 3828.333333,
 3874.333333,
 3934.333333,
 3991.444444,
 3951.666667,
 4019.888889,
 4038.000000,
 4055.333333,
 4082.777778,
 4082.222222,
 4061.111111,
 4090.444444,
 4124.888889,
 4112.666667,
 4104.222222,
 4091.444444,
 4129.333333,
 4113.666667,
 4088.666667,
 4204.444444,
 4142.111111,
 4225.222222,
 4178.555556,
 4151.777778,
 4212.000000,
 4200.111111,
 4257.666667,
 4283.444444,
 4279.111111,
 4309.111111,
 4273.222222,
 4276.555556,
 4342.555556,
 4318.666667,
 4393.444444,
 4353.888889,
 4391.000000,
 4425.111111,
 4439.444444,
 4491.333333,
 4496.000000,
 4508.333333,
 4526.555556,
 4556.222222,
 4555.333333,
 4652.222222,
 4592.666667,
 4671.444444,
 4676.000000,
 4713.333333,
 4656.666667,
 4699.111111,
 4731.666667,
 4776.000000,
 4755.555556,
 4757.555556,
 4779.000000,
 4788.111111,
 4800.444444,
 4757.555556,
 4784.555556,
 4777.555556,
 4809.888889,
 4809.888889,
 4784.444444,
 4858.777778,
 4835.555556,
 4836.444444,
 4808.777778,
 4814.222222,
 4850.777778,
 4870.111111,
 4857.111111,
 4856.777778,
 4887.333333