1119.222222,
 1096.222222,
 1146.666667,
 1097.777778,
 1145.666667,
 1100.444444,
 1148.666667,
 1124.111111,
 1129.555556,
 1115.888889,
 1136.666667,
 1152.000000,
 1156.000000,
 1117.222222,
 1173.777778,
 1151.333333,
 1171.000000,
 1130.222222,
 1185.444444,
 1165.777778,
 1159.111111,
 1188.222222,
 1194.444444,
 1201.000000,
 1235.888889,
 1231.333333,
 1218.222222,
 1190.777778,
 1215.444444,
 1207.000000,
 1265.000000,
 1172.888889,
 1196.888889,
 1172.111111,
 1179.333333,
 1195.111111,
 1208.555556,
 1216.555556,
 1213.222222,
 1220.111111,
 1226.888889,
 1259.555556,
 1213.000000,
 1211.111111,
 1271.666667,
 1238.444444,
 1222.444444,
 1211.222222,
 1249.333333,
 1244.555556,
 1213.111111,
 1231.777778,
 1210.555556,
 1174.444444,
 1200.222222,
 1190.333333,
 1187.222222,
 1201.222222,
 1185.888889,
 1170.444444,
 1187.777778,
 1201.666667,
 1203.333333,
 1220.444444,
 1257.888889,
 1303.444444,
 1338.222222,
 1203.555556,
 1241.888889,
 1305.666667,
 1303.666667,
 1334.666667,
 1361.333333,
 1337.000000,
 1426.777778,
 1392.333333,
 1495.000000,
 1421.444444,
 1500.666667,
 1529.111111,
 1534.111111,
 1538.444444,
 1556.000000,
 1560.111111,
 1540.333333,
 1497.000000,
 1440.111111,
 1378.222222,
 1381.888889,
 1304.222222,
 1315.666667,
 1411.333333,
 1605.333333,
 1670.444444,
 1778.444444,
 1949.222222,
 2060.444444,
 2044.666667,
 2109.000000,
 2130.333333,
 2181.333333,
 2198.666667,
 2234.555556,
 2277.666667,
 2373.888889,
 2331.444444,
 2313.111111,
 2419.555556,
 2375.000000,
 2432.222222,
 2469.888889,
 2459.111111,
 2518.888889,
 2550.444444,
 2579.000000,
 2658.666667,
 2734.333333,
 2813.111111,
 2842.333333,
 2845.444444,
 2885.666667,
 2890.444444,
 2860.777778,
 2832.444444,
 2870.555556,
 2892.444444,
 2977.111111,
 3030.333333,
 3147.333333,
 3223.111111,
 3395.666667,
 3381.000000,
 3390.222222,
 3435.555556,
 3452.111111,
 3482.000000,
 3450.444444,
 3496.555556,
 3547.777778,
 3607.333333,
 3643.333333,
 3684.555556,
 3739.333333,
 3630.888889,
 3519.444444,
 3181.111111,
 2802.444444,
 2361.333333,
 2059.000000,
 1967.666667,
 1976.555556,
 1959.000000,
 2419.888889,
 3181.777778,
 3651.222222,
 4217.555556,
 4789.444444,
 5144.111111,
 5269.000000,
 5246.111111,
 5204.555556,
 5208.333333,
 5252.444444,
 5375.777778,
 5532.555556,
 5735.888889,
 5894.555556,
 6007.666667,
 6165.444444,
 6384.000000,
 6737.333333,
 6883.555556,
 6898.000000,
 6924.111111,
 6873.000000,
 6814.222222,
 6861.888889,
 6890.444444,
 7139.555556,
 7274.777778,
 7421.555556,
 7535.444444,
 7666.333333,
 7696.111111,
 7879.333333,
 7877.777778,
 8033.222222,
 8253.333333,
 8272.888889,
 8359.888889,
 8485.444444,
 8620.444444,
 8775.111111,
 8887.333333,
 8945.444444,
 9171.333333,
 9282.666667,
 9429.444444,
 9617.222222,
 9708.000000,
 9909.888889,
 10095.000000,
 10303.888889,
 10437.555556,
 10630.111111,
 10778.888889,
 11054.444444,
 11208.888889,
 11254.111111,
 11194.333333,
 11107.444444,
 10891.666667,
 10372.666667,
 9561.000000,
 8431.111111,
 7004.888889,
 5474.000000,
 4727.666667,
 5288.333333,
 5757.222222,
 5938.000000,
 7410.777778,
 9995.888889,
 12297.888889,
 14585.555556,
 16366.222222,
 17274.333333,
 17616.222222,
 18238.777778,
 19108.000000,
 19877.111111,
 20871.333333,
 22013.777778,
 23099.666667,
 24186.222222,
 25545.666667,
 26535.111111,
 27752.777778,
 28624.444444,
 28734.444444,
 28678.666667,
 27754.000000,
 26887.555556,
 25769.888889,
 24833.888889,
 24095.333333,
 23304.444444,
 22854.888889,
 22538.777778,
 22465.666667,
 22393.777778,
 22314.222222,
 22059.666667,
 21704.666667,
 21337.000000,
 20536.000000,
 19913.444444,
 19470.666667,
 18876.666667,
 18625.333333,
 18326.222222,
 18096.111111,
 18162.222222,
 18070.333333,
 18186.555556,
 18404.444444,
 18484.222222,
 18763.222222,
 18924.000000,
 18976.222222,
 18967.555556,
 18799.555556,
 18696.555556,
 18700.444444,
 18444.555556,
 18343.222222,
 18370.444444,
 18323.777778,
 18500.888889,
 18702.222222,
 18971.444444,
 19352.222222,
 19437.444444,
 19328.000000,
 19210.111111,
 18861.777778,
 18553.666667,
 18336.777778,
 18165.333333,
 18137.222222,
 18444.777778,
 18610.777778,
 18613.777778,
 18779.000000,
 18658.222222,
 18459.666667,
 18394.888889,
 18353.444444,
 18332.555556,
 18379.777778,
 18322.444444,
 18477.222222,
 18566.444444,
 18879.444444,
 18946.000000,
 19260.000000,
 19450.666667,
 19819.777778,
 20219.111111,
 20505.000000,
 21031.666667,
 21481.444444,
 22317.444444,
 22804.222222,
 23196.222222,
 23819.000000,
 24515.777778,
 25049.777778,
 25702.444444,
 26385.555556,
 26846.555556,
 27071.444444,
 26879.555556,
 26720.555556,
 26204.555556,
 25517.333333,
 24965.777778,
 24291.888889,
 23643.111111,
 23093.222222,
 22516.777778,
 22138.888889,
 21866.444444,
 21789.111111,
 21660.333333,
 21631.111111,
 21636.444444,
 21872.333333,
 22010.777778,
 22200.777778,
 22659.555556,
 23004.333333,
 23549.111111,
 24263.555556,
 25192.333333,
 26222.111111,
 27127.888889,
 28302.333333,
 29442.222222,
 30252.333333,
 30489.000000,
 29904.888889,
 28842.111111,
 27881.888889,
 27138.000000,
 26069.333333,
 25266.888889,
 24787.666667,
 24194.777778,
 23489.000000,
 23016.000000,
 22339.777778,
 21693.333333,
 21099.222222,
 20551.555556,
 20053.888889,
 19614.777778,
 19189.111111,
 18750.000000,
 18326.111111,
 18115.111111,
 17794.555556,
 17785.888889,
 17759.444444,
 17755.666667,
 17635.222222,
 17634.111111,
 17738.444444,
 18011.777778,
 18278.000000,
 18490.222222,
 18688.666667,
 18566.222222,
 18256.888889,
 17825.555556,
 17439.555556,
 17008.111111,
 16711.777778,
 16426.777778,
 16166.111111,
 16038.000000,
 15752.111111,
 15651.888889,
 15510.444444,
 15411.000000,
 15510.888889,
 15485.444444,
 15331.888889,
 15452.111111,
 15343.111111,
 15436.000000,
 15630.000000,
 15671.666667,
 15707.000000,
 16069.000000,
 16070.777778,
 16307.000000,
 16391.666667,
 16626.000000,
 16906.555556,
 17143.333333,
 17500.777778,
 17985.222222,
 18441.000000,
 18725.666667,
 18883.222222,
 18991.000000,
 19289.333333,
 19379.555556,
 19754.777778,
 20326.000000,
 20826.222222,
 21520.888889,
 21993.555556,
 22664.000000,
 23038.222222,
 23621.333333,
 24358.777778,
 25222.777778,
 26015.444444,
 26707.333333,
 26795.888889,
 26592.222222,
 25707.333333,
 24878.333333,
 23837.111111,
 23167.222222,
 22385.222222,
 21827.000000,
 21033.111111,
 20488.888889,
 20084.111111,
 19686.555556,
 19393.222222,
 19053.777778,
 18913.000000,
 18779.000000,
 18779.888889,
 18552.555556,
 18347.111111,
 18282.444444,
 17906.222222,
 17771.333333,
 17634.333333,
 17378.666667,
 17127.666667,
 17037.000000,
 16868.111111,
 16742.666667,
 16743.444444,
 16708.666667,
 16730.444444,
 16576.000000,
 16720.111111,
 16647.555556,
 16784.000000,
 17018.222222,
 17220.111111,
 17559.666667,
 17883.777778,
 18238.555556,
 18495.555556,
 18836.444444,
 18757.555556,
 18584.555556,
 18428.444444,
 18136.111111,
 18077.111111,
 17796.333333,
 17865.111111,
 17817.555556,
 17866.555556,
 17864.888889,
 17915.222222,
 17948.444444,
 17908.222222,
 17865.444444,
 17882.777778,
 17937.777778,
 17821.777778,
 17893.555556,
 17828.777778,
 17946.333333,
 17844.222222,
 17898.777778,
 17869.333333,
 18206.000000,
 18504.555556,
 18970.666667,
 19688.666667,
 20509.333333,
 21375.333333,
 22374.555556,
 22728.777778,
 22636.555556,
 22205.111111,
 21567.555556,
 20933.000000,
 20496.777778,
 20032.888889,
 19654.777778,
 19429.333333,
 19168.000000,
 18973.555556,
 18729.555556,
 18598.111111,
 18447.444444,
 18243.111111,
 18195.444444,
 18043.000000,
 17954.777778,
 17821.444444,
 17716.444444,
 17565.000000,
 17633.555556,
 17599.111111,
 17793.111111,
 17969.777778,
 18080.000000,
 18384.333333,
 18711.777778,
 19020.333333,
 19073.444444,
 19140.000000,
 19364.333333,
 19593.777778,
 19894.333333,
 19910.222222,
 20086.444444,
 20175.444444,
 20163.666667,
 20260.555556,
 20307.777778,
 20140.333333,
 20279.777778,
 20282.777778,
 20406.444444,
 20270.777778,
 20472.222222,
 20503.666667,
 20536.111111,
 20840.000000,
 20973.888889,
 21205.555556,
 21381.666667,
 21581.444444,
 21787.000000,
 22153.777778,
 22220.666667,
 22554.888889,
 22840.555556,
 23197.000000,
 23570.000000,
 23862.666667,
 24368.000000,
 24759.222222,
 25118.444444,
 25701.111111,
 26038.222222,
 26360.888889,
 26970.444444,
 27473.111111,
 28052.333333,
 28509.222222,
 28451.000000,
 28140.666667,
 27882.666667,
 27447.444444,
 27497.333333,
 27146.222222,
 26986.888889,
 27120.000000,
 27219.555556,
 27492.888889,
 27891.444444,
 28247.333333,
 28575.555556,
 28638.666667,
 28638.111111,
 28639.666667,
 28546.000000,
 28674.555556,
 28927.888889,
 29107.000000,
 29545.777778,
 29848.000000,
 30294.444444,
 30164.222222,
 30151.777778,
 30261.666667,
 30368.555556,
 30479.222222,
 30503.777778,
 30270.777778,
 30050.111111,
 29646.111111,
 29382.666667,
 29049.666667,
 28779.888889,
 28688.000000,
 28681.555556,
 28446.222222,
 28431.666667,
 28488.111111,
 28532.333333,
 28566.666667,
 28591.333333,
 28709.111111,
 28896.000000,
 29102.777778,
 29412.111111,
 29752.000000,
 30388.000000,
 30919.777778,
 31438.666667,
 31510.111111,
 31485.666667,
 31495.111111,
 31356.000000,
 31015.444444,
 30789.444444,
 30532.555556,
 30384.666667,
 30272.444444,
 30285.333333,
 30371.333333,
 30143.333333,
 29865.111111,
 29762.222222,
 29616.666667,
 29617.000000,
 29672.000000,
 29665.333333,
 29743.666667,
 30040.444444,
 30190.222222,
 30492.111111,
 30778.444444,
 31205.333333,
 31399.666667,
 31824.222222,
 32218.111111,
 32556.888889,
 32582.666667,
 32740.666667,
 32779.333333,
 32862.444444,
 32653.888889,
 32613.666667,
 32802.333333,
 32850.777778,
 32874.555556,
 33035.111111,
 33238.777778,
 33573.000000,
 33927.666667,
 33860.111111,
 33974.777778,
 33959.444444,
 34091.666667,
 33940.777778,
 33547.444444,
 33371.444444,
 33122.444444,
 32849.777778,
 32595.222222,
 32067.555556,
 31647.888889,
 31317.666667,
 30906.000000,
 30613.555556,
 30402.000000,
 30061.222222,
 29659.222222,
 29582.000000,
 29295.444444,
 29140.555556,
 28918.000000,
 28777.222222,
 28675.444444,
 28384.555556,
 28311.444444,
 28245.444444,
 28082.333333,
 27886.333333,
 27828.000000,
 27795.333333,
 27755.666667,
 27833.666667,
 27848.666667,
 27913.000000,
 27802.777778,
 27680.000000,
 27670.444444,
 27400.888889,
 27110.222222,
 26799.666667,
 26634.555556,
 26369.222222,
 26197.888889,
 25985.666667,
 25927.222222,
 25986.888889,
 26019.222222,
 26056.333333,
 25599.000000,
 25552.333333,
 25576.666667,
 25449.555556,
 25454.555556,
 25429.555556,
 25330.777778,
 25520.111111,
 25477.666667,
 25571.444444,
 25720.666667,
 25835.333333,
 26032.333333,
 26195.777778,
 26398.444444,
 26226.444444,
 26182.111111,
 26271.888889,
 26308.333333,
 26261.333333,
 26435.000000,
 26525.222222,
 26747.111111,
 26923.444444,
 27357.111111,
 27687.777778,
 27858.111111,
 28181.000000,
 28346.222222,
 28750.111111,
 28947.111111,
 28862.777778,
 28793.555556,
 28719.333333,
 28719.222222,
 28765.444444,
 28659.222222,
 28850.888889,
 28682.444444,
 28743.555556,
 28644.222222,
 28487.777778,
 28449.222222,
 28464.555556,
 28380.555556,
 28504.333333,
 28602.444444,
 28472.333333,
 28627.444444,
 28580.888889,
 28822.111111,
 28497.000000,
 28640.444444,
 28415.555556,
 28439.555556,
 28251.888889,
 28214.333333,
 28148.666667,
 28165.333333,
 28309.333333,
 28306.888889,
 28432.444444,
 28557.888889,
 28979.666667,
 29310.888889,
 29600.444444,
 30148.222222,
 30487.222222,
 31151.555556,
 31743.222222,
 32135.666667,
 32250.777778,
 31978.333333,
 31691.222222,
 31203.222222,
 30705.333333,
 30344.222222,
 29883.777778,
 29726.000000,
 29377.444444,
 29169.555556,
 28840.444444,
 28574.777778,
 28590.111111,
 28487.333333,
 28403.555556,
 28251.000000,
 28293.777778,
 28203.111111,
 27991.555556,
 27915.888889,
 27963.111111,
 27896.777778,
 27923.333333,
 28122.555556,
 28386.111111,
 28461.888889,
 28694.000000,
 28720.000000,
 28751.111111,
 28853.666667,
 28875.333333,
 28644.333333,
 28569.444444,
 28260.111111,
 28144.222222,
 27757.888889,
 27614.000000,
 27207.000000,
 27144.777778,
 26951.666667,
 26854.444444,
 26808.222222,
 26675.000000,
 26637.333333,
 26528.666667,
 26523.111111,
 26539.000000,
 26608.444444,
 26763.777778,
 26868.888889,
 27034.666667,
 27182.000000,
 27461.000000,
 27751.555556,
 27879.444444,
 28174.222222,
 28542.888889,
 28879.222222,
 29260.222222,
 29707.777778,
 29925.222222,
 30274.000000,
 30422.888889,
 30182.444444,
 30131.222222,
 29912.777778,
 29598.777778,
 29360.222222,
 28981.555556,
 28739.888889,
 28437.444444,
 28248.000000,
 27883.666667,
 27958.555556,
 27829.777778,
 27687.444444,
 27656.888889,
 27470.888889,
 27285.666667,
 26803.444444,
 26446.111111,
 26134.111111,
 25987.666667,
 25551.222222,
 25382.555556,
 25009.111111,
 24828.444444,
 24588.666667,
 24393.111111,
 24119.333333,
 23940.666667,
 23920.333333,
 23914.888889,
 23736.777778,
 23590.777778,
 23661.222222,
 23505.222222,
 23388.777778,
 23343.777778,
 23177.444444,
 23236.111111,
 23085.333333,
 23071.111111,
 22949.222222,
 22959.888889,
 22806.111111,
 22820.111111,
 22762.666667,
 22713.777778,
 22608.888889,
 22773.888889,
 22753.222222,
 22800.111111,
 22664.222222,
 22865.222222,
 22837.333333,
 22855.888889,
 22923.777778,
 22956.777778,
 22910.555556,
 22992.444444,
 22852.333333,
 22694.777778,
 22717.444444,
 22562.222222,
 22538.333333,
 22376.000000,
 22111.111111,
 21877.888889,
 21712.666667,
 21461.555556,
 21140.666667,
 20865.555556,
 20695.777778,
 20401.555556,
 20173.777778,
 20105.000000,
 19893.555556,
 19638.888889,
 19401.555556,
 19193.111111,
 18984.111111,
 18883.666667,
 18751.666667,
 18517.666667,
 18451.333333,
 18266.888889,
 18071.000000,
 17940.888889,
 17855.000000,
 17755.000000,
 17693.000000,
 17585.888889,
 17622.000000,
 17476.333333,
 17437.000000,
 17409.222222,
 17367.666667,
 17270.222222,
 17124.333333,
 16831.666667,
 16825.333333,
 16744.111111,
 16560.888889,
 16495.555556,
 16214.888889,
 16123.666667,
 15941.555556,
 15822.888889,
 15741.888889,
 15600.111111,
 15326.000000,
 15373.666667,
 15200.000000,
 15146.333333,
 15110.222222,
 14996.555556,
 14818.777778,
 14839.111111,
 14803.888889,
 14773.555556,
 14628.555556,
 14625.222222,
 14477.222222,
 14421.444444,
 14352.666667,
 14265.444444,
 14192.222222,
 14140.666667,
 14029.888889,
 14040.555556,
 13980.111111,
 13954.888889,
 14055.000000,
 14033.888889,
 14169.555556,
 14042.444444,
 14143.111111,
 14289.333333,
 14161.666667,
 14177.666667,
 14181.222222,
 14134.222222,
 14188.000000,
 14073.888889,
 13992.444444,
 13919.444444,
 13755.777778,
 13618.111111,
 13472.222222,
 13241.222222,
 13168.555556,
 13019.777778,
 12899.555556,
 12708.444444,
 12527.000000,
 12309.222222,
 12082.555556,
 11952.000000,
 11728.000000,
 11547.222222,
 11416.888889,
 11260.222222,
 11066.888889,
 10991.333333,
 10843.555556,
 10756.777778,
 10650.111111,
 10500.222222,
 10465.111111,
 10423.333333,
 10317.333333,
 10252.000000,
 10244.555556,
 10115.888889,
 10089.555556,
 10046.000000,
 9972.222222,
 9917.111111,
 9811.333333,
 9706.000000,
 9600.666667,
 9608.333333,
 9435.222222,
 9341.222222,
 9250.888889,
 9159.666667,
 8983.444444,
 8940.666667,
 8853.111111,
 8753.000000,
 8692.444444,
 8600.666667,
 8562.333333,
 8580.555556,
 8463.333333,
 8416.666667,
 8385.888889,
 8312.222222,
 8268.000000,
 8173.444444,
 8166.777778,
 8181.444444,
 8094.555556,
 8118.888889,
 7988.222222,
 7869.555556,
 7814.222222,
 7757.000000,
 7609.666667,
 7517.888889,
 7517.333333,
 7466.777778,
 7393.000000,
 7359.444444,
 7271.222222,
 7259.111111,
 7175.888889,
 7157.555556,
 7090.333333,
 7079.222222,
 7077.444444,
 6899.222222,
 6804.444444,
 6814.666667,
 6708.111111,
 6686.000000,
 6728.444444,
 6688.666667,
 6662.111111,
 6711.777778,
 6649.111111,
 6650.444444,
 6634.888889,
 6505.000000,
 6381.222222,
 6252.666667,
 6093.000000,
 5982.000000,
 5894.777778,
 5818.222222,
 5776.444444,
 5713.888889,
 5700.222222,
 5650.333333,
 5697.333333,
 5715.111111,
 5670.333333,
 5695.222222,
 5803.888889,
 5709.333333,
 5744.888889,
 5810.555556,
 5751.888889,
 5805.111111,
 5799.888889,
 5867.333333,
 5879.555556,
 6015.222222,
 6035.222222,
 6048.444444,
 6168.444444,
 6180.444444,
 6101.444444,
 6079.222222,
 5992.777778,
 5900.888889,
 5823.111111,
 5771.888889,
 5663.444444,
 5524.888889,
 5521.555556,
 5428.444444,
 5388.888889,
 5379.222222,
 5351.111111,
 5327.888889,
 5338.333333,
 5321.555556,
 5327.666667,
 5325.444444,
 5341.333333,
 5325.000000,
 5322.222222,
 5288.000000,
 5274.222222,
 5201.333333,
 5204.888889,
 5154.666667,
 5223.555556,
 5233.000000,
 5298.666667,
 5319.666667,
 5399.333333,
 5466.444444,
 5448.111111,
 5540.888889,
 5526.777778,
 5618.666667,
 5728.777778,
 5771.888889,
 5789.444444,
 5839.000000,
 5899.666667,
 5946.555556,
 6024.444444,
 6073.888889,
 6091.555556,
 6099.000000,
 6111.666667,
 6162.555556,
 6157.666667,
 6233.111111,
 6238.111111,
 6234.444444,
 6225.333333,
 6183.666667,
 6254.111111,
 6217.444444,
 6242.888889,
 6231.111111,
 6232.000000,
 6274.111111,
 6295.333333,
 6310.333333,
 6446.333333,
 6534.333333,
 6572.666667,
 6665.000000,
 6720.888889,
 6882.000000,
 6943.000000,
 7119.777778,
 7130.111111,
 7203.777778,
 7271.888889,
 7358.000000,
 7381.000000,
 7482.333333,
 7442.000000,
 7553.555556,
 7560.000000,
 7640.444444,
 7702.888889,
 7734.666667,
 7793.666667,
 7792.666667,
 7855.888889,
 7963.111111,
 8036.444444,
 8074.555556,
 8130.666667,
 8107.888889,
 8119.000000,
 8169.444444,
 8239.555556,
 8222.000000,
 8318.222222,
 8285.777778,
 8338.444444,
 8309.444444,
 8363.888889,
 8427.555556,
 8472.666667,
 8390.777778,
 8428.111111,
 8486.111111,
 8539.555556,
 8529.888889,
 8636.444444,
 8665.333333,
 8749.444444,
 8740.777778,
 8741.222222,
 8729.555556,
 8868.555556,
 8785.333333,
 8737.777778,
 8713.111111,
 8662.888889,
 8721.888889,
 8614.777778,
 8580.000000,
 8514.888889,
 8564.555556,
 8551.333333,
 8535.222222,
 8586.000000,
 8604.666667,
 8655.777778,
 8653.666667,
 8703.555556,
 8699.444444,
 8721.444444,
 8838.666667,
 8832.444444,
 8912.666667,
 8890.111111,
 8862.666667,
 8999.444444,
 8971.777778,
 8939.666667,
 8949.555556,
 8858.666667,
 8804.777778,
 8847.333333,
 8807.444444,
 8703.000000,
 8777.333333,
 8730.000000,
 8820.333333,
 8730.444444,
 8663.555556,
 8721.000000,
 8731.111111,
 8728.555556,
 8697.222222,
 8656.888889,
 8712.000000,
 8660.000000,
 8738.777778,
 8710.000000,
 8675.777778,
 8701.777778,
 8660.222222,
 8609.222222,
 8590.111111,
 8599.000000,
 8600.888889,
 8664.777778,
 8703.222222,
 8703.111111,
 8744.555556,
 8833.222222,
 8849.222222,
 8920.111111,
 9019.888889,
 9006.444444,
 9167.888889,
 9268.777778,
 9315.111111,
 9426.444444,
 9453.555556,
 9629.888889,
 9658.111111,
 9745.111111,
 9845.666667,
 9953.333333,
 9965.111111,
 10029.777778,
 10006.222222,
 10189.444444,
 10115.000000,
 10127.666667,
 10206.333333,
 10266.111111,
 10298.444444,
 10338.555556,
 10355.222222,
 10315.777778,
 10379.222222,
 10395.222222,
 10403.888889,
 10463.333333,
 10513.111111,
 10501.111111,
 10552.222222,
 10617.666667,
 10628.555556,
 10708.666667,
 10812.333333,
 10836.444444,
 10995.888889,
 11053.555556,
 11162.666667,
 11144.000000,
 11196.333333,
 11202.333333,
 11282.666667,
 11247.888889,
 11167.000000,
 11179.000000,
 10960.111111,
 10899.444444,
 10812.444444,
 10844.222222,
 10738.000000,
 10765.333333,
 10750.111111,
 10833.111111,
 10827.333333,
 10795.888889,
 10870.333333,
 10970.000000,
 11095.111111,
 11090.666667,
 11138.777778,
 11153.111111,
 11108.666667,
 11108.444444,
 11092.555556,
 10977.444444,
 11013.444444,
 10950.222222,
 10801.000000,
 10746.777778,
 10619.111111,
 10593.777778,
 10574.666667,
 10493.888889,
 10433.111111,
 10382.111111,
 10272.777778,
 10235.888889,
 10238.888889,
 10233.888889,
 10124.222222,
 10027.555556,
 9926.222222,
 9906.777778,
 9923.888889,
 9812.888889,
 9712.666667,
 9740.444444,
 9705.777778,
 9633.333333,
 9593.666667,
 9567.222222,
 9481.000000,
 9513.333333,
 9461.333333,
 9444.222222,
 9464.333333,
 9406.888889,
 9376.333333,
 9334.444444,
 9296.888889,
 9325.888889,
 9334.000000,
 9228.777778,
 9305.111111,
 9203.555556,
 9245.555556,
 9094.777778,
 9153.555556,
 9184.222222,
 9148.333333,
 9048.777778,
 9020.000000,
 8999.111111,
 8992.666667,
 8905.333333,
 8926.666667,
 8912.666667,
 8881.777778,
 8823.000000,
 8782.000000,
 8689.333333,
 8682.555556,
 8675.222222,
 8633.000000,
 8607.111111,
 8591.555556,
 8508.111111,
 8515.555556,
 8573.111111,
 8522.333333,
 8499.000000,
 8483.888889,
 8507.777778,
 8529.666667,
 8455.333333,
 8507.111111,
 8462.111111,
 8360.555556,
 8360.777778,
 8315.666667,
 8250.888889,
 8333.444444,
 8135.000000,
 8060.555556,
 8067.555556,
 7996.222222,
 7918.444444,
 7822.222222,
 7792.555556,
 7716.333333,
 7610.111111,
 7578.777778,
 7495.777778,
 7380.888889,
 7362.666667,
 7277.444444,
 7169.111111,
 7194.777778,
 7084.111111,
 7005.111111,
 6924.000000,
 6938.333333,
 6788.888889,
 6783.222222,
 6708.777778,
 6648.444444,
 6578.666667,
 6589.111111,
 6523.333333,
 6428.777778,
 6417.555556,
 6388.888889,
 6310.222222,
 6255.888889,
 6250.222222,
 6263.111111,
 6240.888889,
 6228.000000,
 6065.444444,
 6079.333333,
 6090.777778,
 6011.222222,
 5967.777778,
 5941.888889,
 5878.777778,
 5841.111111,
 5813.444444,
 5744.555556,
 5638.000000,
 5551.111111,
 5543.000000,
 5475.333333,
 5385.222222,
 5373.000000,
 5314.222222,
 5210.444444,
 5191.222222,
 5160.777778,
 5144.888889,
 5052.111111,
 5031.777778,
 4973.000000,
 4984.888889,
 4970.333333,
 4927.666667,
 4866.777778,
 4790.777778,
 4742.555556,
 4768.333333,
 4688.333333,
 4675.888889,
 4647.777778,
 4587.666667,
 4601.222222,
 4534.666667,
 4500.777778,
 4455.666667,
 4422.444444,
 4377.000000,
 4338.444444,
 4339.222222,
 4264.111111,
 4275.333333,
 4250.888889,
 4248.000000,
 4183.111111,
 4146.333333,
 4105.555556,
 4003.666667,
 4014.777778,
 4026.555556,
 3968.777778,
 3919.222222,
 3890.444444,
 3879.888889,
 3826.333333,
 3788.555556,
 3785.222222,
 3794.555556,
 3762.111111,
 3717.000000,
 3776.000000,
 3714.666667,
 3650.111111,
 3684.333333,
 3626.666667,
 3626.666667,
 3579.666667,
 3588.444444,
 3551.000000,
 3544.000000,
 3537.222222,
 3492.222222,
 3541.000000,
 3506.333333,
 3491.777778,
 3414.555556,
 3417.888889,
 3402.888889,
 3413.888889,
 3381.444444,
 3424.777778,
 3382.555556,
 3409.555556,
 3345.555556,
 3361.444444,
 3349.555556,
 3299.888889,
 3215.777778,
 3213.444444,
 3188.111111,
 3143.777778,
 3189.555556,
 3077.111111,
 3077.555556,
 3050.666667,
 3060.555556,
 2963.444444,
 2925.666667,
 2955.000000,
 2995.444444,
 2897.222222,
 2916.777778,
 2919.555556,
 2897.222222,
 2898.444444,
 2875.333333,
 2890.555556,
 2871.444444,
 2888.888889,
 2811.111111,
 2829.555556,
 2798.777778,
 2799.000000,
 2752.222222,
 2751.777778,
 2744.777778,
 2706.777778,
 2736.222222,
 2668.888889,
 2690.888889,
 2671.666667,
 2670.777778,
 2673.888889,
 2655.222222,
 2618.222222,
 2646.111111,
 2627.777778,
 2610.111111,
 2612.333333,
 2586.666667,
 2584.777778,
 2562.222222,
 2678.000000,
 2508.888889,
 2579.333333,
 2558.111111,
 2532.444444,
 2538.333333,
 2550.444444,
 2546.333333,
 2551.111111,
 2544.666667,
 2567.333333,
 2512.222222,
 2550.222222,
 2550.333333,
 2552.666667,
 2534.111111,
 2577.555556,
 2578.444444,
 2552.111111,
 2549.666667,
 2542.777778,
 2522.444444,
 2569.666667,
 2583.555556,
 2597.444444,
 2569.555556,
 2572.333333,
 2575.777778,
 2610.888889,
 2646.000000,
 2622.444444,
 2624.777778,
 2658.666667,
 2610.333333,
 2648.111111,
 2638.888889,
 2693.444444,
 2683.555556,
 2686.444444,
 2685.666667,
 2697.666667,
 2707.777778,
 2742.888889,
 2781.111111,
 2794.333333,
 2801.111111,
 2809.333333,
 2811.111111,
 2811.555556,
 2803.111111,
 2879.666667,
 2865.111111,
 2888.333333,
 2860.222222,
 2880.777778,
 2934.888889,
 2909.666667,
 2967.888889,
 2947.444444,
 2954.666667,
 2980.777778,
 3013.666667,
 3018.666667,
 3033.222222,
 3052.222222,
 3056.666667,
 3069.111111,
 3100.555556,
 3109.222222,
 3132.000000,
 3131.444444,
 3154.111111,
 3165.777778,
 3192.111111,
 3182.000000,
 3223.111111,
 3272.444444,
 3311.555556,
 3318.444444,
 3325.222222,
 3294.000000,
 3364.444444,
 3385.444444,
 3445.666667,
 3467.444444,
 3441.444444,
 3448.222222,
 3492.333333,
 3501.333333,
 3526.888889,
 3581.111111,
 3597.444444,
 3571.444444,
 3593.888889,
 3625.444444,
 3673.444444,
 3667.555556,
 3745.000000,
 3710.000000,
 3771.444444,
 3772.555556,
 3804.222222,
 3826.333333,
 3859.888889,
 3940.555556,
 3946.888889,
 4020.222222,
 3983.000000,
 4039.111111,
 4084.777778,
 4042.222222,
 4077.888889,
 4113.555556,
 4057.333333,
 4140.444444,
 4120.222222,
 4140.333333,
 4125.444444,
 4109.333333,
 4163.222222,
 4113.777778,
 4115.555556,
 4209.222222,
 4188.111111,
 4233.888889,
 4201.888889,
 4201.777778,
 4253.555556,
 4198.666667,
 4267.888889,
 4299.444444,
 4320.666667,
 4326.888889,
 4281.111111,
 4308.222222,
 4373.888889,
 4422.000000,
 4409.222222,
 4401.111111,
 4394.222222,
 4452.111111,
 4471.000000,
 4490.444444,
 4521.888889,
 4590.777778,
 4600.222222,
 4594.000000,
 4604.333333,
 4647.555556,
 4647.333333,
 4673.777778,
 4711.555556,
 4796.888889,
 4742.777778,
 4735.555556,
 4785.777778,
 4836.111111,
 4781.111111,
 4821.666667,
 4819.111111,
 4769.333333,
 4805.444444,
 4807.444444,
 4815.555556,
 4791.666667,
 4864.111111,
 4852.777778,
 4839.000000,
 4899.555556,
 4859.000000,
 4896.333333,
 4840.555556,
 4812.666667,
 4890.333333,
 4919.666667,
 4905.333333,
 4897.000000,
 4927.222222