1109.666667,
 1105.111111,
 1142.777778,
 1104.000000,
 1144.666667,
 1093.555556,
 1145.777778,
 1112.888889,
 1109.111111,
 1127.555556,
 1135.333333,
 1153.000000,
 1154.666667,
 1101.777778,
 1180.222222,
 1144.444444,
 1156.888889,
 1133.444444,
 1179.666667,
 1151.222222,
 1169.888889,
 1180.222222,
 1208.555556,
 1201.222222,
 1225.888889,
 1245.111111,
 1195.000000,
 1197.111111,
 1212.777778,
 1186.111111,
 1277.000000,
 1174.777778,
 1190.555556,
 1176.444444,
 1168.777778,
 1199.888889,
 1199.333333,
 1195.222222,
 1226.111111,
 1224.666667,
 1230.000000,
 1260.000000,
 1206.555556,
 1196.000000,
 1269.000000,
 1242.777778,
 1226.666667,
 1209.111111,
 1243.222222,
 1242.444444,
 1208.444444,
 1243.222222,
 1214.000000,
 1163.444444,
 1212.333333,
 1186.444444,
 1177.000000,
 1199.000000,
 1183.666667,
 1167.666667,
 1187.000000,
 1188.333333,
 1194.888889,
 1219.111111,
 1253.777778,
 1311.888889,
 1323.333333,
 1191.666667,
 1243.222222,
 1273.111111,
 1288.111111,
 1319.444444,
 1341.444444,
 1322.333333,
 1399.000000,
 1386.222222,
 1462.555556,
 1389.444444,
 1493.000000,
 1506.333333,
 1508.222222,
 1509.000000,
 1522.555556,
 1551.888889,
 1506.222222,
 1445.555556,
 1398.222222,
 1320.222222,
 1350.777778,
 1273.333333,
 1283.222222,
 1390.555556,
 1585.222222,
 1656.777778,
 1770.888889,
 1911.666667,
 2037.222222,
 1993.333333,
 2069.666667,
 2092.111111,
 2136.888889,
 2181.444444,
 2206.888889,
 2245.222222,
 2321.444444,
 2308.000000,
 2275.777778,
 2376.000000,
 2342.000000,
 2357.000000,
 2394.888889,
 2416.333333,
 2478.444444,
 2479.444444,
 2526.000000,
 2604.777778,
 2689.111111,
 2729.000000,
 2773.666667,
 2785.666667,
 2841.000000,
 2802.555556,
 2810.333333,
 2813.000000,
 2822.888889,
 2855.777778,
 2905.888889,
 2952.555556,
 3129.333333,
 3137.555556,
 3310.777778,
 3345.777778,
 3320.555556,
 3362.888889,
 3390.222222,
 3381.555556,
 3394.666667,
 3438.888889,
 3468.000000,
 3511.555556,
 3513.444444,
 3568.222222,
 3587.444444,
 3488.111111,
 3388.555556,
 3036.333333,
 2637.333333,
 2269.111111,
 1923.222222,
 1858.000000,
 1845.000000,
 1841.111111,
 2298.111111,
 3073.444444,
 3558.888889,
 4069.111111,
 4655.222222,
 5005.111111,
 5123.222222,
 5102.333333,
 5160.333333,
 5088.555556,
 5137.777778,
 5215.666667,
 5409.333333,
 5563.000000,
 5807.555556,
 5855.000000,
 5990.888889,
 6169.777778,
 6517.222222,
 6706.333333,
 6742.444444,
 6695.333333,
 6672.666667,
 6669.888889,
 6775.666667,
 6840.666667,
 6960.777778,
 7073.666667,
 7228.888889,
 7369.000000,
 7447.555556,
 7516.111111,
 7689.777778,
 7642.777778,
 7820.222222,
 7962.444444,
 8064.888889,
 8150.444444,
 8198.888889,
 8357.444444,
 8529.000000,
 8661.777778,
 8765.444444,
 8908.222222,
 9041.333333,
 9177.333333,
 9380.888889,
 9479.888889,
 9663.222222,
 9847.000000,
 10028.111111,
 10177.888889,
 10341.333333,
 10573.333333,
 10844.222222,
 10873.777778,
 11012.666667,
 10976.333333,
 10780.000000,
 10531.444444,
 9934.777778,
 9093.555556,
 7956.888889,
 6424.333333,
 4926.777778,
 4290.888889,
 4881.888889,
 5250.888889,
 5372.555556,
 6789.777778,
 9482.444444,
 11874.666667,
 14186.333333,
 16039.666667,
 16843.555556,
 17265.555556,
 18000.000000,
 18782.555556,
 19555.000000,
 20511.333333,
 21508.555556,
 22688.888889,
 23871.222222,
 25100.111111,
 26103.333333,
 27324.111111,
 28153.111111,
 28293.444444,
 28243.222222,
 27248.444444,
 26404.666667,
 25301.111111,
 24401.666667,
 23652.888889,
 22900.666667,
 22435.777778,
 22157.888889,
 22105.555556,
 22034.888889,
 21839.555556,
 21727.777778,
 21431.888889,
 20985.888889,
 20204.000000,
 19627.777778,
 19058.111111,
 18628.333333,
 18292.555556,
 18059.111111,
 17794.888889,
 17862.333333,
 17835.222222,
 17954.888889,
 18058.666667,
 18282.222222,
 18642.333333,
 18708.333333,
 18772.666667,
 18804.222222,
 18593.000000,
 18494.777778,
 18341.777778,
 18255.666667,
 18165.333333,
 18148.888889,
 18101.222222,
 18248.666667,
 18503.888889,
 18872.888889,
 19192.666667,
 19191.333333,
 19118.666667,
 18878.555556,
 18627.333333,
 18284.111111,
 18106.000000,
 17921.111111,
 17900.666667,
 18246.444444,
 18422.111111,
 18546.666667,
 18572.555556,
 18518.222222,
 18322.555556,
 18258.333333,
 18177.111111,
 18218.333333,
 18226.555556,
 18178.333333,
 18265.333333,
 18399.111111,
 18690.111111,
 18861.777778,
 19056.333333,
 19357.111111,
 19705.666667,
 20013.555556,
 20431.777778,
 20928.777778,
 21442.222222,
 22007.666667,
 22572.666667,
 22961.888889,
 23604.666667,
 24193.555556,
 24770.888889,
 25434.555556,
 26029.888889,
 26552.333333,
 26715.222222,
 26647.777778,
 26537.333333,
 25907.555556,
 25341.666667,
 24736.333333,
 24095.333333,
 23447.777778,
 22882.444444,
 22370.000000,
 21960.333333,
 21727.222222,
 21514.777778,
 21489.333333,
 21434.888889,
 21504.000000,
 21702.888889,
 21841.666667,
 22080.888889,
 22573.111111,
 22786.222222,
 23403.333333,
 24225.000000,
 25095.777778,
 25948.666667,
 27076.000000,
 28146.666667,
 29406.222222,
 30090.333333,
 30243.333333,
 29705.111111,
 28744.333333,
 27796.000000,
 26797.111111,
 26020.444444,
 25221.111111,
 24681.111111,
 24040.444444,
 23375.444444,
 22812.444444,
 22322.777778,
 21567.000000,
 20990.222222,
 20436.333333,
 19930.444444,
 19509.000000,
 19004.333333,
 18692.888889,
 18244.333333,
 18048.111111,
 17759.555556,
 17700.111111,
 17684.333333,
 17633.000000,
 17633.222222,
 17429.888889,
 17657.111111,
 17897.888889,
 18268.555556,
 18376.777778,
 18554.888889,
 18501.222222,
 18172.888889,
 17707.888889,
 17405.222222,
 16981.666667,
 16571.333333,
 16339.777778,
 16051.444444,
 15902.555556,
 15667.444444,
 15521.000000,
 15453.444444,
 15380.777778,
 15395.666667,
 15391.333333,
 15333.222222,
 15350.777778,
 15223.333333,
 15303.000000,
 15515.888889,
 15626.000000,
 15667.777778,
 15915.222222,
 15908.888889,
 16106.444444,
 16341.666667,
 16521.111111,
 16717.777778,
 17044.000000,
 17462.111111,
 17881.555556,
 18307.333333,
 18678.555556,
 18713.888889,
 18877.888889,
 19099.444444,
 19320.222222,
 19688.111111,
 20215.888889,
 20783.222222,
 21375.888889,
 21903.666667,
 22514.333333,
 22917.555556,
 23563.000000,
 24251.222222,
 25115.666667,
 25864.555556,
 26612.777778,
 26703.444444,
 26297.111111,
 25575.111111,
 24581.444444,
 23825.000000,
 23007.666667,
 22342.000000,
 21720.888889,
 20921.222222,
 20453.333333,
 19966.777778,
 19511.444444,
 19276.000000,
 18993.444444,
 18810.111111,
 18659.888889,
 18555.555556,
 18393.222222,
 18259.000000,
 18145.777778,
 17766.333333,
 17668.111111,
 17496.777778,
 17260.888889,
 17092.000000,
 16961.000000,
 16722.222222,
 16622.222222,
 16577.555556,
 16528.666667,
 16549.888889,
 16500.333333,
 16532.222222,
 16578.777778,
 16678.111111,
 16885.222222,
 17099.444444,
 17419.777778,
 17779.333333,
 18048.555556,
 18349.666667,
 18695.888889,
 18651.888889,
 18357.666667,
 18280.000000,
 18048.888889,
 17909.333333,
 17665.444444,
 17653.222222,
 17719.000000,
 17728.222222,
 17839.666667,
 17831.333333,
 17804.222222,
 17755.666667,
 17712.111111,
 17736.333333,
 17808.444444,
 17667.444444,
 17801.111111,
 17735.777778,
 17782.333333,
 17674.444444,
 17731.111111,
 17857.888889,
 18117.444444,
 18332.888889,
 18786.888889,
 19547.333333,
 20308.444444,
 21358.000000,
 22286.000000,
 22567.777778,
 22437.666667,
 21966.000000,
 21338.333333,
 20738.555556,
 20319.111111,
 19905.777778,
 19456.666667,
 19264.333333,
 19104.000000,
 18826.333333,
 18650.111111,
 18449.222222,
 18216.333333,
 18066.555556,
 17994.222222,
 17835.000000,
 17765.555556,
 17655.111111,
 17571.888889,
 17421.444444,
 17540.333333,
 17379.222222,
 17595.333333,
 17745.444444,
 17998.888889,
 18247.666667,
 18663.222222,
 18879.333333,
 18923.555556,
 19012.444444,
 19125.888889,
 19398.888889,
 19714.111111,
 19757.777778,
 19861.222222,
 19938.555556,
 20042.222222,
 20052.555556,
 20129.555556,
 20014.333333,
 20136.111111,
 20056.666667,
 20250.666667,
 20043.666667,
 20262.222222,
 20303.444444,
 20416.888889,
 20529.777778,
 20832.333333,
 20988.555556,
 21173.333333,
 21374.888889,
 21544.888889,
 21872.333333,
 22089.777778,
 22356.444444,
 22662.000000,
 22895.444444,
 23321.444444,
 23687.444444,
 24132.666667,
 24414.888889,
 24990.777778,
 25500.555556,
 25681.333333,
 26189.444444,
 26605.666667,
 27300.222222,
 27849.333333,
 28124.555556,
 28175.000000,
 27886.444444,
 27501.666667,
 27088.888889,
 27230.222222,
 27019.555556,
 26681.666667,
 26869.444444,
 26928.888889,
 27192.888889,
 27613.111111,
 27849.111111,
 28217.555556,
 28370.888889,
 28398.777778,
 28292.888889,
 28187.666667,
 28306.777778,
 28614.555556,
 28805.666667,
 29278.000000,
 29646.777778,
 29944.222222,
 29936.333333,
 29833.444444,
 30033.777778,
 30096.111111,
 30306.444444,
 30296.666667,
 30005.111111,
 29783.666667,
 29352.000000,
 29042.222222,
 28680.333333,
 28492.555556,
 28384.555556,
 28356.000000,
 28149.888889,
 28125.111111,
 28119.888889,
 28160.666667,
 28189.666667,
 28433.777778,
 28578.111111,
 28521.777778,
 28746.666667,
 29033.444444,
 29503.666667,
 29979.666667,
 30568.000000,
 31127.888889,
 31115.111111,
 31187.555556,
 31116.555556,
 30962.111111,
 30625.222222,
 30345.333333,
 30257.333333,
 30035.333333,
 30020.333333,
 29951.777778,
 30035.777778,
 29787.555556,
 29552.888889,
 29425.777778,
 29285.333333,
 29276.444444,
 29358.333333,
 29390.333333,
 29471.777778,
 29738.000000,
 29877.111111,
 30147.888889,
 30459.333333,
 30816.777778,
 31095.666667,
 31467.777778,
 31923.333333,
 32284.222222,
 32208.444444,
 32413.111111,
 32413.111111,
 32348.111111,
 32230.111111,
 32202.444444,
 32391.222222,
 32533.888889,
 32489.666667,
 32589.444444,
 32858.666667,
 33154.444444,
 33441.000000,
 33646.888889,
 33572.888889,
 33523.333333,
 33544.555556,
 33444.444444,
 33129.222222,
 32981.666667,
 32714.666667,
 32424.444444,
 32141.666667,
 31734.555556,
 31171.888889,
 30863.777778,
 30517.111111,
 30332.777778,
 29998.111111,
 29613.444444,
 29275.777778,
 29196.111111,
 28951.111111,
 28746.444444,
 28466.777778,
 28376.111111,
 28290.777778,
 27948.888889,
 27920.666667,
 27860.777778,
 27701.777778,
 27575.666667,
 27514.111111,
 27306.000000,
 27468.777778,
 27566.888889,
 27449.333333,
 27476.000000,
 27448.000000,
 27418.555556,
 27268.666667,
 26932.000000,
 26714.888889,
 26411.000000,
 26211.555556,
 25918.333333,
 25836.111111,
 25663.333333,
 25591.111111,
 25582.444444,
 25605.111111,
 25693.666667,
 25321.000000,
 25219.555556,
 25165.888889,
 25141.222222,
 25105.888889,
 25069.111111,
 25050.333333,
 25127.333333,
 25094.555556,
 25317.555556,
 25323.444444,
 25516.111111,
 25651.111111,
 25748.222222,
 25979.666667,
 25899.111111,
 25728.777778,
 25724.333333,
 25959.333333,
 25893.777778,
 25871.000000,
 26069.777778,
 26358.666667,
 26601.888889,
 26913.444444,
 27308.555556,
 27444.000000,
 27850.666667,
 27986.555556,
 28180.444444,
 28412.888889,
 28415.555556,
 28404.888889,
 28195.000000,
 28309.444444,
 28336.000000,
 28160.777778,
 28439.000000,
 28307.555556,
 28271.444444,
 28241.888889,
 28119.555556,
 28054.333333,
 28082.333333,
 27969.000000,
 28113.000000,
 28153.111111,
 28124.222222,
 28238.000000,
 28248.888889,
 28391.888889,
 28073.666667,
 28183.888889,
 28021.555556,
 28035.222222,
 27782.000000,
 27716.888889,
 27704.333333,
 27733.666667,
 27709.444444,
 27987.000000,
 28045.888889,
 28047.000000,
 28563.444444,
 28830.555556,
 29236.777778,
 29634.444444,
 30168.777778,
 30778.444444,
 31300.000000,
 31710.222222,
 31805.888889,
 31588.888889,
 31259.111111,
 30766.000000,
 30303.555556,
 29897.666667,
 29466.000000,
 29200.111111,
 28855.444444,
 28590.000000,
 28456.222222,
 28149.444444,
 28116.111111,
 28048.333333,
 28022.111111,
 27856.333333,
 27812.555556,
 27695.555556,
 27598.777778,
 27602.666667,
 27491.888889,
 27499.555556,
 27593.555556,
 27609.888889,
 27915.222222,
 28032.444444,
 28272.333333,
 28249.111111,
 28273.000000,
 28432.666667,
 28352.555556,
 28212.555556,
 27999.111111,
 27690.555556,
 27697.555556,
 27298.888889,
 27061.222222,
 26734.111111,
 26687.000000,
 26587.777778,
 26409.222222,
 26410.000000,
 26241.111111,
 26224.000000,
 26177.888889,
 26158.333333,
 26156.444444,
 26227.666667,
 26292.777778,
 26440.444444,
 26590.000000,
 26730.666667,
 27008.666667,
 27278.111111,
 27390.555556,
 27647.222222,
 28032.444444,
 28393.444444,
 28841.444444,
 29218.000000,
 29494.222222,
 29755.777778,
 29876.333333,
 29724.888889,
 29618.777778,
 29487.777778,
 29188.888889,
 28803.777778,
 28521.666667,
 28115.444444,
 27897.666667,
 27739.000000,
 27465.777778,
 27553.333333,
 27267.888889,
 27260.000000,
 27214.888889,
 26933.555556,
 26847.333333,
 26350.333333,
 26084.555556,
 25619.888889,
 25496.000000,
 25138.000000,
 24912.888889,
 24552.333333,
 24307.555556,
 24189.111111,
 23990.555556,
 23656.222222,
 23574.222222,
 23500.222222,
 23465.333333,
 23310.555556,
 23370.888889,
 23281.555556,
 23065.666667,
 22973.000000,
 22897.000000,
 22804.000000,
 22803.222222,
 22750.444444,
 22555.111111,
 22516.888889,
 22538.000000,
 22443.333333,
 22439.111111,
 22401.333333,
 22290.555556,
 22253.666667,
 22341.888889,
 22307.222222,
 22472.333333,
 22274.222222,
 22511.444444,
 22443.555556,
 22501.666667,
 22534.333333,
 22574.777778,
 22539.777778,
 22587.333333,
 22346.000000,
 22324.777778,
 22393.777778,
 22164.555556,
 22112.000000,
 22003.222222,
 21733.000000,
 21490.777778,
 21331.444444,
 21059.333333,
 20702.444444,
 20491.555556,
 20307.444444,
 20014.111111,
 19880.444444,
 19794.777778,
 19491.111111,
 19326.444444,
 19093.666667,
 18950.000000,
 18626.444444,
 18519.111111,
 18339.111111,
 18221.777778,
 18101.222222,
 17964.222222,
 17784.888889,
 17659.555556,
 17560.333333,
 17457.555556,
 17405.888889,
 17321.555556,
 17296.888889,
 17160.222222,
 17200.222222,
 17156.222222,
 16997.666667,
 16989.000000,
 16800.222222,
 16544.333333,
 16631.666667,
 16420.333333,
 16252.555556,
 16194.222222,
 15930.777778,
 15853.444444,
 15643.777778,
 15586.555556,
 15447.888889,
 15260.222222,
 15088.888889,
 15050.777778,
 14883.333333,
 14911.777778,
 14829.444444,
 14731.555556,
 14557.000000,
 14516.333333,
 14514.444444,
 14469.333333,
 14463.888889,
 14408.333333,
 14219.666667,
 14216.666667,
 14044.333333,
 14020.222222,
 13927.222222,
 13859.888889,
 13813.444444,
 13814.555556,
 13757.444444,
 13718.777778,
 13807.111111,
 13773.444444,
 13830.111111,
 13803.000000,
 13879.444444,
 13974.777778,
 13882.444444,
 14002.777778,
 13889.888889,
 13844.888889,
 13897.888889,
 13828.000000,
 13795.333333,
 13602.444444,
 13517.888889,
 13379.777778,
 13214.444444,
 12988.555556,
 12969.555556,
 12773.000000,
 12576.111111,
 12508.333333,
 12280.222222,
 12082.555556,
 11799.666667,
 11759.777778,
 11521.888889,
 11300.555556,
 11234.666667,
 11003.000000,
 10805.888889,
 10841.888889,
 10616.555556,
 10525.333333,
 10432.333333,
 10329.111111,
 10317.111111,
 10228.111111,
 10170.777778,
 10115.222222,
 10032.777778,
 10045.777778,
 9924.111111,
 9860.222222,
 9843.555556,
 9744.111111,
 9641.000000,
 9609.000000,
 9517.888889,
 9395.666667,
 9293.888889,
 9184.111111,
 9013.444444,
 8966.888889,
 8832.333333,
 8790.666667,
 8691.666667,
 8597.555556,
 8544.777778,
 8497.666667,
 8413.555556,
 8421.555556,
 8317.000000,
 8234.888889,
 8238.333333,
 8199.777778,
 8134.777778,
 8083.444444,
 8067.111111,
 8070.888889,
 7978.111111,
 7989.222222,
 7847.222222,
 7724.777778,
 7693.444444,
 7570.444444,
 7482.333333,
 7390.444444,
 7386.222222,
 7299.555556,
 7275.333333,
 7243.888889,
 7139.888889,
 7125.555556,
 7100.333333,
 7047.222222,
 6963.111111,
 6976.888889,
 6931.111111,
 6812.555556,
 6720.555556,
 6677.555556,
 6624.111111,
 6552.888889,
 6565.777778,
 6591.444444,
 6549.888889,
 6615.777778,
 6515.666667,
 6570.222222,
 6532.555556,
 6342.222222,
 6242.111111,
 6210.000000,
 6013.333333,
 5898.333333,
 5749.666667,
 5766.555556,
 5637.888889,
 5583.111111,
 5616.000000,
 5572.000000,
 5522.222222,
 5598.555556,
 5554.333333,
 5573.333333,
 5722.777778,
 5615.888889,
 5622.888889,
 5681.444444,
 5593.222222,
 5654.888889,
 5703.333333,
 5765.111111,
 5789.777778,
 5912.888889,
 5933.000000,
 5959.888889,
 5994.000000,
 6037.333333,
 5998.333333,
 5953.333333,
 5903.777778,
 5760.666667,
 5682.333333,
 5612.222222,
 5546.000000,
 5427.666667,
 5373.444444,
 5299.222222,
 5282.111111,
 5282.333333,
 5202.111111,
 5203.888889,
 5172.666667,
 5226.000000,
 5192.777778,
 5278.111111,
 5249.111111,
 5194.222222,
 5174.333333,
 5154.888889,
 5141.222222,
 5099.666667,
 5098.333333,
 5021.333333,
 5109.333333,
 5084.777778,
 5207.888889,
 5228.555556,
 5285.111111,
 5355.777778,
 5313.444444,
 5418.333333,
 5429.000000,
 5464.777778,
 5565.555556,
 5612.222222,
 5598.333333,
 5690.222222,
 5706.333333,
 5812.222222,
 5875.000000,
 5929.222222,
 5943.111111,
 5949.666667,
 5986.666667,
 6041.333333,
 6037.111111,
 6092.555556,
 6068.888889,
 6079.777778,
 6061.333333,
 6093.555556,
 6050.333333,
 6105.555556,
 6078.222222,
 6098.555556,
 6087.111111,
 6142.888889,
 6130.555556,
 6170.111111,
 6328.666667,
 6425.555556,
 6424.222222,
 6496.111111,
 6649.000000,
 6744.333333,
 6823.555556,
 6902.111111,
 6980.000000,
 7049.555556,
 7072.111111,
 7180.555556,
 7192.666667,
 7265.222222,
 7348.222222,
 7371.666667,
 7450.333333,
 7458.333333,
 7559.222222,
 7524.111111,
 7627.000000,
 7612.666667,
 7707.666667,
 7764.888889,
 7828.222222,
 7915.333333,
 8012.666667,
 7922.888889,
 7967.111111,
 8023.000000,
 8013.777778,
 8035.000000,
 8100.333333,
 8048.888889,
 8091.444444,
 8115.444444,
 8160.666667,
 8218.000000,
 8205.222222,
 8260.888889,
 8173.888889,
 8261.222222,
 8343.444444,
 8360.444444,
 8401.222222,
 8484.888889,
 8513.000000,
 8512.888889,
 8541.888889,
 8538.333333,
 8661.444444,
 8576.000000,
 8529.444444,
 8531.111111,
 8480.777778,
 8437.000000,
 8363.666667,
 8385.888889,
 8326.777778,
 8379.111111,
 8356.333333,
 8327.000000,
 8370.222222,
 8334.333333,
 8348.000000,
 8432.222222,
 8442.111111,
 8483.555556,
 8518.444444,
 8612.222222,
 8615.111111,
 8708.111111,
 8745.111111,
 8706.000000,
 8797.444444,
 8730.666667,
 8729.777778,
 8750.333333,
 8626.000000,
 8627.000000,
 8576.111111,
 8559.333333,
 8532.111111,
 8573.000000,
 8511.888889,
 8618.333333,
 8500.666667,
 8490.111111,
 8521.222222,
 8526.333333,
 8506.333333,
 8500.000000,
 8499.444444,
 8560.222222,
 8493.666667,
 8509.888889,
 8478.777778,
 8432.777778,
 8453.666667,
 8452.333333,
 8377.000000,
 8412.666667,
 8398.333333,
 8385.222222,
 8445.888889,
 8498.777778,
 8438.000000,
 8593.444444,
 8613.555556,
 8643.222222,
 8728.111111,
 8821.333333,
 8827.666667,
 8945.555556,
 9017.666667,
 9063.555556,
 9173.555556,
 9308.111111,
 9401.777778,
 9481.666667,
 9507.000000,
 9600.777778,
 9657.222222,
 9711.111111,
 9763.888889,
 9789.888889,
 9915.111111,
 9903.000000,
 9965.111111,
 9944.111111,
 10029.777778,
 10012.000000,
 10109.222222,
 10134.555556,
 10067.888889,
 10140.444444,
 10132.000000,
 10144.888889,
 10215.000000,
 10194.111111,
 10174.777778,
 10348.222222,
 10343.888889,
 10376.444444,
 10479.000000,
 10588.444444,
 10635.000000,
 10740.777778,
 10819.666667,
 10885.666667,
 10847.777778,
 10933.555556,
 10926.888889,
 10984.555556,
 10941.666667,
 10852.222222,
 10823.333333,
 10774.444444,
 10661.333333,
 10618.888889,
 10660.444444,
 10520.888889,
 10472.888889,
 10491.555556,
 10552.777778,
 10600.888889,
 10546.888889,
 10643.777778,
 10723.555556,
 10870.111111,
 10806.000000,
 10871.666667,
 10865.555556,
 10932.222222,
 10890.000000,
 10867.555556,
 10779.555556,
 10739.888889,
 10635.555556,
 10584.666667,
 10524.333333,
 10446.111111,
 10318.777778,
 10311.666667,
 10217.222222,
 10213.222222,
 10087.777778,
 10064.111111,
 10006.555556,
 9952.444444,
 10000.777778,
 9850.222222,
 9798.111111,
 9679.111111,
 9708.888889,
 9674.111111,
 9617.777778,
 9515.444444,
 9457.000000,
 9538.888889,
 9422.777778,
 9400.555556,
 9350.555556,
 9262.888889,
 9316.222222,
 9231.444444,
 9218.777778,
 9288.555556,
 9123.777778,
 9167.000000,
 9098.777778,
 9105.222222,
 9059.222222,
 9061.111111,
 9012.000000,
 9095.111111,
 8984.555556,
 9021.444444,
 8908.777778,
 8954.222222,
 8977.666667,
 8939.888889,
 8839.222222,
 8844.555556,
 8821.111111,
 8783.777778,
 8678.888889,
 8729.222222,
 8728.666667,
 8680.222222,
 8645.777778,
 8538.111111,
 8559.222222,
 8484.444444,
 8499.666667,
 8526.666667,
 8498.222222,
 8414.000000,
 8358.666667,
 8420.444444,
 8343.111111,
 8353.777778,
 8360.777778,
 8340.555556,
 8326.222222,
 8306.555556,
 8299.333333,
 8343.777778,
 8282.000000,
 8244.000000,
 8209.888889,
 8120.333333,
 8142.444444,
 8147.333333,
 8007.111111,
 7893.888889,
 7898.555556,
 7874.222222,
 7771.000000,
 7638.000000,
 7617.888889,
 7565.444444,
 7506.333333,
 7386.333333,
 7337.111111,
 7248.888889,
 7222.555556,
 7150.333333,
 7085.777778,
 7051.666667,
 6959.555556,
 6895.444444,
 6859.111111,
 6785.555556,
 6669.666667,
 6668.222222,
 6543.555556,
 6529.333333,
 6502.888889,
 6435.222222,
 6402.777778,
 6369.333333,
 6317.777778,
 6240.555556,
 6225.111111,
 6161.000000,
 6110.000000,
 6128.444444,
 6105.000000,
 6064.666667,
 5956.111111,
 5989.000000,
 5965.333333,
 5861.111111,
 5829.111111,
 5859.666667,
 5779.666667,
 5730.777778,
 5672.111111,
 5627.555556,
 5528.111111,
 5469.777778,
 5417.111111,
 5385.444444,
 5325.555556,
 5269.000000,
 5221.000000,
 5157.333333,
 5097.555556,
 5090.111111,
 5047.444444,
 4919.666667,
 4914.444444,
 4864.333333,
 4830.333333,
 4853.111111,
 4846.000000,
 4810.222222,
 4729.333333,
 4619.555556,
 4733.444444,
 4646.444444,
 4642.111111,
 4581.333333,
 4493.888889,
 4504.333333,
 4429.888889,
 4429.111111,
 4393.666667,
 4355.666667,
 4306.444444,
 4351.666667,
 4249.555556,
 4207.555556,
 4239.111111,
 4163.444444,
 4177.000000,
 4125.000000,
 4040.444444,
 4048.000000,
 3955.444444,
 3959.222222,
 3964.666667,
 3921.444444,
 3885.333333,
 3864.666667,
 3816.888889,
 3777.888889,
 3757.111111,
 3761.555556,
 3722.555556,
 3714.111111,
 3728.777778,
 3740.333333,
 3667.111111,
 3610.333333,
 3631.555556,
 3610.888889,
 3586.222222,
 3517.555556,
 3561.777778,
 3506.666667,
 3490.333333,
 3506.888889,
 3445.222222,
 3507.666667,
 3454.666667,
 3420.111111,
 3401.111111,
 3393.555556,
 3364.333333,
 3374.111111,
 3343.222222,
 3365.777778,
 3345.555556,
 3375.444444,
 3300.222222,
 3319.000000,
 3323.555556,
 3258.333333,
 3153.777778,
 3128.333333,
 3139.444444,
 3102.111111,
 3133.777778,
 3045.222222,
 3023.777778,
 2976.777778,
 3009.222222,
 2961.000000,
 2900.444444,
 2916.333333,
 2946.555556,
 2844.666667,
 2876.222222,
 2896.000000,
 2876.444444,
 2843.888889,
 2844.555556,
 2876.444444,
 2821.777778,
 2841.333333,
 2797.777778,
 2776.444444,
 2764.333333,
 2777.777778,
 2736.000000,
 2707.444444,
 2737.333333,
 2672.888889,
 2718.333333,
 2654.444444,
 2660.888889,
 2640.111111,
 2654.111111,
 2640.777778,
 2635.777778,
 2585.555556,
 2605.000000,
 2587.111111,
 2561.555556,
 2567.666667,
 2560.222222,
 2549.555556,
 2512.333333,
 2617.000000,
 2491.777778,
 2545.222222,
 2517.222222,
 2508.333333,
 2486.777778,
 2512.777778,
 2533.000000,
 2493.222222,
 2509.666667,
 2515.222222,
 2480.666667,
 2533.333333,
 2540.888889,
 2531.111111,
 2523.666667,
 2525.444444,
 2557.222222,
 2544.555556,
 2521.000000,
 2486.777778,
 2489.888889,
 2521.111111,
 2562.555556,
 2535.444444,
 2530.333333,
 2556.000000,
 2543.888889,
 2573.666667,
 2586.555556,
 2609.444444,
 2591.666667,
 2623.222222,
 2574.666667,
 2617.777778,
 2597.333333,
 2647.888889,
 2619.333333,
 2652.222222,
 2654.666667,
 2682.555556,
 2681.222222,
 2669.000000,
 2752.555556,
 2758.666667,
 2760.555556,
 2761.666667,
 2749.111111,
 2778.666667,
 2801.666667,
 2827.222222,
 2833.333333,
 2850.333333,
 2816.333333,
 2820.777778,
 2863.111111,
 2867.555556,
 2932.888889,
 2874.222222,
 2931.444444,
 2941.222222,
 2946.666667,
 2961.333333,
 2989.111111,
 2994.888889,
 2994.111111,
 3020.666667,
 3042.777778,
 3047.000000,
 3078.555556,
 3095.333333,
 3110.777778,
 3127.111111,
 3129.444444,
 3155.000000,
 3210.111111,
 3210.000000,
 3255.777778,
 3283.777778,
 3271.777778,
 3263.222222,
 3319.111111,
 3353.111111,
 3400.777778,
 3412.444444,
 3386.000000,
 3381.888889,
 3454.444444,
 3416.333333,
 3429.777778,
 3496.555556,
 3491.333333,
 3522.222222,
 3485.222222,
 3556.444444,
 3548.000000,
 3599.888889,
 3656.888889,
 3643.333333,
 3694.888889,
 3709.333333,
 3756.555556,
 3772.444444,
 3806.333333,
 3852.333333,
 3872.555556,
 3915.888889,
 3932.555556,
 3993.888889,
 4013.444444,
 4014.000000,
 4051.333333,
 4066.666667,
 4027.777778,
 4043.888889,
 4079.222222,
 4076.111111,
 4071.888889,
 4027.222222,
 4077.888889,
 4089.666667,
 4067.333333,
 4194.111111,
 4115.111111,
 4190.333333,
 4152.222222,
 4139.444444,
 4177.777778,
 4154.111111,
 4209.222222,
 4204.111111,
 4222.555556,
 4260.222222,
 4202.444444,
 4209.555556,
 4276.333333,
 4317.333333,
 4302.222222,
 4282.888889,
 4330.111111,
 4365.444444,
 4390.777778,
 4428.777778,
 4430.888889,
 4439.222222,
 4528.666667,
 4523.333333,
 4516.222222,
 4584.000000,
 4542.222222,
 4596.666667,
 4642.777778,
 4669.333333,
 4628.111111,
 4640.888889,
 4707.777778,
 4708.444444,
 4683.555556,
 4713.444444,
 4672.555556,
 4705.111111,
 4703.111111,
 4717.333333,
 4698.888889,
 4662.111111,
 4738.888889,
 4767.222222,
 4719.333333,
 4788.333333,
 4779.777778,
 4805.666667,
 4736.111111,
 4749.666667,
 4748.888889,
 4806.777778,
 4786.888889,
 4855.111111,
 4834.777778