1098.333333,
 1087.777778,
 1139.555556,
 1079.000000,
 1134.555556,
 1104.333333,
 1139.777778,
 1132.888889,
 1120.000000,
 1112.555556,
 1158.666667,
 1132.666667,
 1156.444444,
 1121.777778,
 1164.000000,
 1136.111111,
 1154.777778,
 1113.222222,
 1189.111111,
 1148.666667,
 1156.111111,
 1183.111111,
 1196.333333,
 1204.333333,
 1211.777778,
 1222.111111,
 1213.555556,
 1192.888889,
 1215.777778,
 1196.888889,
 1252.444444,
 1197.555556,
 1202.333333,
 1196.333333,
 1216.444444,
 1225.222222,
 1232.333333,
 1230.888889,
 1217.555556,
 1251.111111,
 1228.888889,
 1249.777778,
 1203.222222,
 1189.000000,
 1251.333333,
 1239.000000,
 1205.000000,
 1215.222222,
 1224.444444,
 1232.777778,
 1212.888889,
 1222.777778,
 1205.444444,
 1170.111111,
 1202.000000,
 1209.555556,
 1166.777778,
 1190.777778,
 1193.888889,
 1151.888889,
 1177.111111,
 1193.777778,
 1197.444444,
 1245.000000,
 1246.444444,
 1302.888889,
 1337.000000,
 1199.666667,
 1249.000000,
 1285.333333,
 1296.888889,
 1343.444444,
 1341.777778,
 1357.555556,
 1437.888889,
 1402.222222,
 1520.666667,
 1454.666667,
 1541.000000,
 1576.666667,
 1580.666667,
 1620.777778,
 1639.777778,
 1700.222222,
 1703.666667,
 1717.777778,
 1748.555556,
 1756.444444,
 1832.777778,
 1831.555556,
 1888.222222,
 1906.444444,
 2014.222222,
 2030.333333,
 2040.777778,
 2102.777778,
 2154.333333,
 2159.444444,
 2232.555556,
 2260.000000,
 2301.777778,
 2291.444444,
 2366.555556,
 2422.333333,
 2480.111111,
 2431.222222,
 2465.888889,
 2494.333333,
 2500.888889,
 2522.888889,
 2550.666667,
 2565.777778,
 2637.222222,
 2662.888889,
 2717.222222,
 2798.666667,
 2893.333333,
 2934.666667,
 2940.333333,
 2999.444444,
 3009.000000,
 3006.666667,
 3009.111111,
 2981.000000,
 3087.555556,
 3046.222222,
 3111.888889,
 3191.444444,
 3313.222222,
 3377.444444,
 3523.555556,
 3550.666667,
 3522.222222,
 3560.333333,
 3624.000000,
 3587.666667,
 3621.555556,
 3671.333333,
 3728.333333,
 3769.333333,
 3856.000000,
 3953.555556,
 4128.888889,
 4210.444444,
 4404.222222,
 4518.111111,
 4575.000000,
 4615.000000,
 4513.444444,
 4431.777778,
 4437.333333,
 4407.444444,
 4476.666667,
 4700.222222,
 4724.888889,
 4892.444444,
 5161.666667,
 5342.000000,
 5468.666667,
 5409.222222,
 5389.222222,
 5375.000000,
 5423.000000,
 5481.111111,
 5693.444444,
 5835.888889,
 6026.777778,
 6157.111111,
 6247.333333,
 6467.777778,
 6819.000000,
 6931.111111,
 6967.777778,
 6920.111111,
 6914.111111,
 6913.888889,
 6952.000000,
 7037.888889,
 7181.555556,
 7330.333333,
 7508.555556,
 7571.888889,
 7682.000000,
 7784.000000,
 7902.111111,
 7935.555556,
 8088.777778,
 8223.000000,
 8367.333333,
 8411.111111,
 8547.777778,
 8636.444444,
 8844.666667,
 8966.777778,
 9020.777778,
 9198.333333,
 9395.111111,
 9375.777778,
 9574.666667,
 9671.222222,
 9836.222222,
 10078.000000,
 10275.222222,
 10503.555556,
 10643.333333,
 10784.222222,
 11108.111111,
 11305.666667,
 11441.333333,
 11567.000000,
 11610.333333,
 11656.222222,
 11748.888889,
 11828.777778,
 12072.333333,
 12189.333333,
 12225.111111,
 12409.555556,
 13020.444444,
 13538.666667,
 13983.555556,
 14536.444444,
 15110.333333,
 15770.555556,
 16348.777778,
 16861.888889,
 17198.111111,
 17536.222222,
 18043.777778,
 18798.888889,
 19646.555556,
 20684.333333,
 21645.000000,
 22758.111111,
 23717.777778,
 25070.333333,
 26230.444444,
 27303.000000,
 28136.666667,
 28331.333333,
 28366.555556,
 27595.222222,
 26752.555556,
 25587.666667,
 24692.666667,
 23891.333333,
 23214.444444,
 22745.222222,
 22487.888889,
 22355.111111,
 22280.666667,
 22106.444444,
 22076.666667,
 21623.333333,
 21368.888889,
 20646.333333,
 20096.222222,
 19522.555556,
 18970.222222,
 18658.222222,
 18407.777778,
 18110.555556,
 18061.888889,
 18182.222222,
 18179.555556,
 18460.333333,
 18514.444444,
 18855.111111,
 18927.333333,
 19209.111111,
 19170.888889,
 19021.888889,
 18998.666667,
 18891.111111,
 18778.333333,
 18581.666667,
 18589.888889,
 18633.333333,
 18759.222222,
 18843.777778,
 19289.333333,
 19630.777778,
 19838.444444,
 19810.000000,
 19572.666667,
 19384.555556,
 19030.222222,
 18820.777778,
 18651.888889,
 18607.888889,
 18861.555556,
 19007.000000,
 19014.111111,
 19239.333333,
 19120.777778,
 18992.777778,
 18865.222222,
 18928.000000,
 18913.555556,
 18970.444444,
 18941.000000,
 19116.222222,
 19171.666667,
 19355.000000,
 19599.222222,
 19911.666667,
 20166.222222,
 20535.555556,
 20915.222222,
 21292.222222,
 21785.222222,
 22330.888889,
 22951.777778,
 23615.000000,
 24011.444444,
 24799.222222,
 25417.444444,
 26017.000000,
 26758.888889,
 27269.111111,
 27961.555556,
 28236.666667,
 28227.555556,
 28088.777778,
 27601.555556,
 26912.333333,
 26344.888889,
 25638.333333,
 25012.666667,
 24408.000000,
 23847.000000,
 23376.555556,
 23085.333333,
 22887.333333,
 22942.555556,
 22845.222222,
 22887.333333,
 22962.444444,
 23121.666667,
 23463.000000,
 23847.555556,
 24218.222222,
 24691.777778,
 25483.444444,
 26389.000000,
 27191.333333,
 28389.888889,
 29621.333333,
 30925.333333,
 31956.000000,
 32273.111111,
 31673.444444,
 30738.555556,
 29664.000000,
 28753.000000,
 27778.888889,
 26905.666667,
 26286.222222,
 25656.777778,
 25035.333333,
 24433.222222,
 23810.888889,
 23211.222222,
 22542.666667,
 21744.000000,
 21387.555556,
 20866.888889,
 20241.666667,
 19943.444444,
 19452.666667,
 19243.000000,
 19020.222222,
 18876.555556,
 18807.111111,
 18822.666667,
 18670.111111,
 18636.111111,
 18823.777778,
 19046.222222,
 19253.777778,
 19567.111111,
 19774.444444,
 19712.444444,
 19478.666667,
 18939.111111,
 18592.444444,
 18070.777778,
 17804.222222,
 17516.777778,
 17192.888889,
 16977.555556,
 16701.000000,
 16600.333333,
 16466.000000,
 16376.444444,
 16363.111111,
 16212.333333,
 16345.000000,
 16296.666667,
 16245.444444,
 16320.222222,
 16386.222222,
 16569.444444,
 16631.222222,
 16837.444444,
 16954.555556,
 17052.777778,
 17279.222222,
 17514.888889,
 17663.888889,
 17968.000000,
 18302.222222,
 18816.777778,
 19185.000000,
 19645.111111,
 19834.777778,
 20007.111111,
 20162.444444,
 20312.000000,
 20699.111111,
 21145.666667,
 21877.444444,
 22333.555556,
 22969.222222,
 23657.000000,
 24136.000000,
 24640.444444,
 25445.444444,
 26285.000000,
 27166.777778,
 28124.444444,
 28295.000000,
 28059.555556,
 27236.555556,
 26306.777778,
 25392.444444,
 24610.777778,
 23849.000000,
 23186.444444,
 22320.333333,
 21728.666667,
 21146.111111,
 20828.444444,
 20408.444444,
 20089.000000,
 19870.111111,
 19694.333333,
 19700.333333,
 19479.777778,
 19248.111111,
 19136.222222,
 18816.222222,
 18711.555556,
 18484.111111,
 18302.666667,
 18056.444444,
 18011.888889,
 17638.555556,
 17597.000000,
 17566.777778,
 17411.666667,
 17447.444444,
 17403.111111,
 17447.333333,
 17399.777778,
 17609.222222,
 17782.777778,
 17956.444444,
 18234.666667,
 18665.888889,
 18892.222222,
 19263.222222,
 19521.111111,
 19587.666667,
 19430.222222,
 19234.000000,
 19094.333333,
 18886.555556,
 18684.777778,
 18615.777778,
 18578.222222,
 18617.444444,
 18637.666667,
 18601.666667,
 18743.555556,
 18612.444444,
 18483.555556,
 18641.555556,
 18710.000000,
 18615.000000,
 18627.333333,
 18644.333333,
 18625.666667,
 18656.222222,
 18570.222222,
 18616.888889,
 18814.222222,
 19077.444444,
 19576.777778,
 20233.777778,
 20959.111111,
 21976.000000,
 22978.666667,
 23493.222222,
 23445.777778,
 23061.555556,
 22350.888889,
 21805.777778,
 21271.111111,
 20803.888889,
 20438.555556,
 20155.777778,
 19943.444444,
 19728.888889,
 19553.444444,
 19326.555556,
 19101.333333,
 18980.666667,
 18892.111111,
 18702.000000,
 18637.333333,
 18526.555556,
 18320.444444,
 18145.777778,
 18239.000000,
 18125.555556,
 18249.888889,
 18514.111111,
 18661.777778,
 18917.444444,
 19271.444444,
 19515.777778,
 19666.888889,
 19728.333333,
 19893.888889,
 20116.666667,
 20331.555556,
 20407.666667,
 20684.777778,
 20726.000000,
 20757.666667,
 20868.333333,
 20811.666667,
 20831.000000,
 20788.333333,
 20847.000000,
 20969.222222,
 20785.666667,
 20937.555556,
 21008.555556,
 21057.222222,
 21321.444444,
 21380.777778,
 21597.222222,
 21838.222222,
 22029.000000,
 22169.333333,
 22519.888889,
 22699.777778,
 23064.555556,
 23287.555556,
 23497.222222,
 24039.666667,
 24334.555556,
 24651.777778,
 25109.666667,
 25560.777778,
 26066.555556,
 26332.777778,
 26777.888889,
 27342.888889,
 27902.777778,
 28547.666667,
 29020.888889,
 28978.555556,
 28896.111111,
 28530.666667,
 28043.000000,
 28028.222222,
 27679.777778,
 27549.333333,
 27678.666667,
 27685.555556,
 27864.888889,
 28286.333333,
 28576.000000,
 28955.111111,
 29195.222222,
 29378.555556,
 29147.333333,
 29082.777778,
 29179.888889,
 29365.555556,
 29581.222222,
 29935.222222,
 30274.111111,
 30796.111111,
 30642.111111,
 30646.333333,
 30814.111111,
 30875.333333,
 31027.888889,
 30964.222222,
 30790.555556,
 30765.444444,
 30281.666667,
 29993.333333,
 29537.888889,
 29235.888889,
 29021.222222,
 28962.222222,
 28918.777778,
 28908.555556,
 28827.000000,
 28891.444444,
 28919.222222,
 28984.111111,
 29194.666667,
 29283.666667,
 29384.333333,
 29749.444444,
 30063.888889,
 30629.555556,
 31177.000000,
 31706.000000,
 31843.777778,
 31845.444444,
 31801.777778,
 31655.111111,
 31325.444444,
 31146.555556,
 30935.111111,
 30689.555556,
 30666.111111,
 30714.111111,
 30832.444444,
 30626.111111,
 30277.888889,
 30200.333333,
 30012.888889,
 30029.222222,
 29987.000000,
 30008.000000,
 30095.666667,
 30376.666667,
 30426.111111,
 30804.888889,
 31137.888889,
 31410.777778,
 31623.000000,
 32049.000000,
 32477.888889,
 32929.555556,
 32957.666667,
 33220.444444,
 33157.444444,
 33202.444444,
 33130.111111,
 33091.000000,
 33270.777778,
 33274.222222,
 33411.777778,
 33451.444444,
 33725.888889,
 34111.888889,
 34354.111111,
 34527.111111,
 34628.222222,
 34654.666667,
 34593.777778,
 34516.777778,
 34229.777778,
 34055.222222,
 33859.000000,
 33489.333333,
 33290.333333,
 32857.111111,
 32373.111111,
 31992.000000,
 31740.666667,
 31452.777778,
 31130.444444,
 30864.666667,
 30476.666667,
 30352.111111,
 30101.333333,
 29954.888889,
 29660.777778,
 29597.555556,
 29357.111111,
 29126.000000,
 29039.444444,
 28870.222222,
 28829.000000,
 28615.555556,
 28679.222222,
 28652.777778,
 28518.111111,
 28579.777778,
 28573.666667,
 28605.333333,
 28603.222222,
 28551.333333,
 28425.222222,
 28248.777778,
 28011.555556,
 27612.666667,
 27456.333333,
 27214.777778,
 27015.222222,
 26898.333333,
 26798.333333,
 26725.777778,
 26751.777778,
 26985.444444,
 26510.444444,
 26456.444444,
 26432.222222,
 26339.000000,
 26280.000000,
 26289.777778,
 26274.777778,
 26309.555556,
 26280.000000,
 26455.111111,
 26629.111111,
 26650.777778,
 26771.666667,
 26962.000000,
 27206.777778,
 27044.666667,
 27045.777778,
 27112.333333,
 27135.222222,
 27122.666667,
 27168.666667,
 27190.111111,
 27561.666667,
 27741.000000,
 28054.444444,
 28438.222222,
 28741.000000,
 28980.777778,
 29229.666667,
 29492.555556,
 29794.555556,
 29853.333333,
 29729.888889,
 29621.777778,
 29748.000000,
 29677.888889,
 29577.222222,
 29724.888889,
 29619.444444,
 29589.666667,
 29636.444444,
 29545.888889,
 29514.000000,
 29503.000000,
 29352.222222,
 29552.444444,
 29533.555556,
 29447.111111,
 29586.111111,
 29634.888889,
 29684.444444,
 29472.333333,
 29627.222222,
 29463.777778,
 29391.000000,
 29267.333333,
 29146.555556,
 29012.111111,
 28998.444444,
 29119.222222,
 29137.888889,
 29416.333333,
 29427.666667,
 29894.333333,
 30104.444444,
 30395.777778,
 30880.666667,
 31409.444444,
 31876.222222,
 32620.555556,
 32982.000000,
 33222.777778,
 32992.111111,
 32738.333333,
 32326.000000,
 31754.555556,
 31293.444444,
 31037.777778,
 30683.333333,
 30255.222222,
 30067.000000,
 29738.111111,
 29522.777778,
 29442.000000,
 29333.444444,
 29296.777778,
 29196.444444,
 29195.333333,
 29062.222222,
 28972.222222,
 28876.555556,
 28791.333333,
 28807.333333,
 28786.222222,
 28945.000000,
 29154.444444,
 29174.888889,
 29472.111111,
 29595.444444,
 29623.000000,
 29746.000000,
 29646.333333,
 29594.000000,
 29311.777778,
 29087.222222,
 29010.000000,
 28680.555556,
 28459.222222,
 28068.111111,
 27926.666667,
 27916.444444,
 27595.444444,
 27590.222222,
 27451.000000,
 27416.777778,
 27326.000000,
 27320.444444,
 27417.444444,
 27394.333333,
 27482.111111,
 27558.000000,
 27747.333333,
 27826.666667,
 28109.000000,
 28422.888889,
 28490.555556,
 28872.111111,
 29148.777778,
 29601.777778,
 29968.555556,
 30311.555556,
 30626.444444,
 30942.000000,
 31081.888889,
 30969.666667,
 30994.888889,
 30843.888889,
 30469.888889,
 30204.222222,
 29951.222222,
 29505.777778,
 29207.111111,
 29046.666667,
 28675.555556,
 28701.555556,
 28442.000000,
 28420.777778,
 28410.222222,
 28301.666667,
 28052.222222,
 27663.333333,
 27234.555556,
 26991.333333,
 26770.777778,
 26357.333333,
 26139.333333,
 25774.000000,
 25458.777778,
 25265.000000,
 25050.777778,
 24812.555556,
 24579.000000,
 24596.000000,
 24526.333333,
 24385.777778,
 24302.333333,
 24371.222222,
 24109.444444,
 24056.888889,
 23937.222222,
 23880.444444,
 23828.222222,
 23673.000000,
 23643.222222,
 23517.000000,
 23475.555556,
 23363.777778,
 23329.444444,
 23344.444444,
 23168.666667,
 23140.666667,
 23352.888889,
 23281.888889,
 23338.777778,
 23271.777778,
 23349.888889,
 23266.888889,
 23314.222222,
 23431.222222,
 23403.111111,
 23457.555556,
 23456.111111,
 23294.444444,
 23069.000000,
 23208.111111,
 23080.444444,
 23002.666667,
 22790.444444,
 22609.333333,
 22337.888889,
 22110.111111,
 21879.666667,
 21632.666667,
 21303.888889,
 21154.888889,
 20758.666667,
 20599.000000,
 20502.555556,
 20207.111111,
 20047.222222,
 19811.222222,
 19644.777778,
 19355.666667,
 19187.000000,
 19067.444444,
 18888.222222,
 18742.333333,
 18550.111111,
 18478.666667,
 18306.666667,
 18135.666667,
 18036.888889,
 18022.444444,
 17871.777778,
 17872.222222,
 17752.333333,
 17752.444444,
 17725.222222,
 17611.888889,
 17521.777778,
 17481.222222,
 17126.111111,
 17156.111111,
 16936.444444,
 16879.222222,
 16773.666667,
 16519.666667,
 16299.333333,
 16202.111111,
 16061.666667,
 15927.666667,
 15791.777778,
 15541.888889,
 15569.222222,
 15330.111111,
 15389.555556,
 15297.222222,
 15186.000000,
 15035.888889,
 15023.111111,
 14942.111111,
 14851.666667,
 14885.222222,
 14786.333333,
 14599.333333,
 14526.222222,
 14447.000000,
 14385.666667,
 14325.333333,
 14173.111111,
 14158.111111,
 14128.777778,
 13996.000000,
 14023.111111,
 14014.777778,
 14002.555556,
 14123.555556,
 14034.000000,
 14110.555556,
 14157.111111,
 14112.888889,
 14117.111111,
 14093.333333,
 14057.000000,
 14130.444444,
 14021.444444,
 13921.333333,
 13817.555556,
 13700.111111,
 13526.444444,
 13325.222222,
 13152.222222,
 13106.111111,
 12868.666667,
 12741.888889,
 12552.888889,
 12357.666667,
 12163.555556,
 11945.888889,
 11796.888889,
 11563.666667,
 11421.666667,
 11265.444444,
 11060.888889,
 10963.000000,
 10911.555556,
 10708.111111,
 10590.222222,
 10484.444444,
 10371.888889,
 10312.777778,
 10252.555556,
 10093.555556,
 10062.000000,
 9990.222222,
 9928.444444,
 9886.666667,
 9786.666667,
 9718.888889,
 9610.222222,
 9534.666667,
 9439.333333,
 9353.111111,
 9271.888889,
 9135.333333,
 9064.666667,
 8929.000000,
 8776.222222,
 8665.111111,
 8602.000000,
 8456.777778,
 8419.666667,
 8320.000000,
 8211.111111,
 8154.000000,
 8158.000000,
 8026.444444,
 7979.000000,
 7953.888889,
 7909.666667,
 7844.111111,
 7761.000000,
 7712.111111,
 7694.333333,
 7613.444444,
 7638.000000,
 7514.111111,
 7407.222222,
 7352.111111,
 7271.888889,
 7139.888889,
 7046.666667,
 6968.888889,
 6912.888889,
 6854.333333,
 6784.000000,
 6723.333333,
 6647.000000,
 6626.111111,
 6594.888889,
 6556.888889,
 6549.333333,
 6482.333333,
 6336.777778,
 6275.888889,
 6233.000000,
 6196.777778,
 6114.888889,
 6102.555556,
 6117.888889,
 6061.555556,
 6095.000000,
 6032.555556,
 6090.444444,
 6051.555556,
 5927.777778,
 5820.222222,
 5756.333333,
 5578.111111,
 5475.888889,
 5421.111111,
 5359.222222,
 5268.222222,
 5221.111111,
 5196.888889,
 5152.222222,
 5198.000000,
 5208.777778,
 5174.111111,
 5238.000000,
 5349.222222,
 5316.111111,
 5311.000000,
 5401.000000,
 5354.333333,
 5374.111111,
 5448.444444,
 5511.111111,
 5517.666667,
 5620.222222,
 5649.333333,
 5741.333333,
 5762.444444,
 5820.555556,
 5822.666667,
 5731.444444,
 5748.888889,
 5719.444444,
 5625.444444,
 5567.555556,
 5503.555556,
 5405.000000,
 5396.111111,
 5307.666667,
 5275.111111,
 5288.111111,
 5249.444444,
 5278.111111,
 5244.666667,
 5285.777778,
 5308.777778,
 5314.111111,
 5329.000000,
 5343.777778,
 5344.111111,
 5339.777778,
 5307.444444,
 5275.333333,
 5264.222222,
 5176.666667,
 5297.222222,
 5351.222222,
 5418.444444,
 5417.888889,
 5495.777778,
 5512.000000,
 5563.555556,
 5659.666667,
 5665.666667,
 5795.111111,
 5901.777778,
 5947.555556,
 5955.888889,
 6058.888889,
 6104.222222,
 6159.555556,
 6191.222222,
 6290.666667,
 6298.000000,
 6368.000000,
 6339.666667,
 6406.000000,
 6424.444444,
 6483.333333,
 6447.666667,
 6436.111111,
 6428.888889,
 6455.888889,
 6488.222222,
 6466.666667,
 6461.333333,
 6503.666667,
 6476.666667,
 6555.333333,
 6543.777778,
 6623.444444,
 6715.222222,
 6849.555556,
 6895.333333,
 6999.888889,
 7079.666667,
 7227.333333,
 7312.444444,
 7427.888889,
 7513.222222,
 7606.222222,
 7640.888889,
 7737.777778,
 7783.666667,
 7822.111111,
 7905.111111,
 7924.333333,
 7995.333333,
 8039.777778,
 8109.444444,
 8107.444444,
 8185.777778,
 8200.222222,
 8286.666667,
 8314.333333,
 8372.222222,
 8475.222222,
 8518.666667,
 8490.111111,
 8566.222222,
 8560.111111,
 8656.444444,
 8634.333333,
 8682.000000,
 8636.444444,
 8710.222222,
 8715.111111,
 8727.222222,
 8785.888889,
 8809.555556,
 8807.000000,
 8783.444444,
 8852.000000,
 8906.555556,
 8907.555556,
 8944.444444,
 9058.222222,
 9087.222222,
 9156.888889,
 9210.444444,
 9149.111111,
 9277.333333,
 9244.888889,
 9146.222222,
 9162.444444,
 9107.555556,
 9104.555556,
 9010.888889,
 9000.777778,
 8992.888889,
 9017.555556,
 8974.111111,
 8960.111111,
 9006.333333,
 9010.333333,
 9037.222222,
 9120.888889,
 9106.111111,
 9132.444444,
 9154.222222,
 9204.555556,
 9226.555556,
 9249.555556,
 9280.777778,
 9291.222222,
 9392.777778,
 9344.555556,
 9325.444444,
 9275.555556,
 9201.222222,
 9228.000000,
 9180.888889,
 9184.777778,
 9140.555556,
 9046.888889,
 9055.333333,
 9129.666667,
 9048.555556,
 9022.444444,
 9012.111111,
 9007.777778,
 9069.222222,
 9015.888889,
 9046.444444,
 9057.666667,
 9031.444444,
 9039.888889,
 9027.777778,
 9003.666667,
 8976.333333,
 9024.666667,
 8928.333333,
 8901.777778,
 8907.444444,
 8949.444444,
 8996.444444,
 9023.666667,
 9014.222222,
 9117.444444,
 9161.333333,
 9173.222222,
 9219.666667,
 9383.333333,
 9392.666667,
 9484.111111,
 9582.777778,
 9663.888889,
 9752.333333,
 9885.333333,
 9986.444444,
 10037.444444,
 10065.222222,
 10225.888889,
 10338.555556,
 10361.777778,
 10379.111111,
 10432.333333,
 10502.111111,
 10548.555556,
 10543.555556,
 10603.777778,
 10590.666667,
 10701.111111,
 10702.333333,
 10710.777778,
 10704.000000,
 10769.444444,
 10721.777778,
 10781.111111,
 10827.666667,
 10878.666667,
 10789.111111,
 10841.666667,
 10938.444444,
 10921.111111,
 11059.888889,
 11109.555556,
 11199.111111,
 11330.555556,
 11430.222222,
 11508.222222,
 11538.666667,
 11576.888889,
 11635.333333,
 11620.333333,
 11587.777778,
 11576.222222,
 11525.222222,
 11381.000000,
 11225.333333,
 11222.555556,
 11202.777778,
 11060.555556,
 11049.222222,
 11061.888889,
 11117.000000,
 11107.888889,
 11104.555556,
 11188.555556,
 11260.555556,
 11412.777778,
 11438.777778,
 11480.555556,
 11484.000000,
 11406.555556,
 11526.555556,
 11468.666667,
 11384.555556,
 11365.444444,
 11228.777778,
 11146.000000,
 11113.888889,
 11003.222222,
 10888.777778,
 10878.222222,
 10762.555556,
 10730.111111,
 10662.111111,
 10607.222222,
 10540.111111,
 10399.000000,
 10449.888889,
 10375.666667,
 10257.666667,
 10180.777778,
 10179.777778,
 10167.888889,
 10139.222222,
 9927.888889,
 9986.555556,
 9944.333333,
 9853.111111,
 9797.111111,
 9774.555556,
 9652.333333,
 9735.555556,
 9728.444444,
 9670.333333,
 9707.000000,
 9625.555556,
 9572.111111,
 9569.444444,
 9540.333333,
 9517.444444,
 9512.111111,
 9464.111111,
 9494.555556,
 9478.888889,
 9517.888889,
 9357.888889,
 9366.444444,
 9411.000000,
 9319.888889,
 9240.444444,
 9205.333333,
 9223.222222,
 9195.555556,
 9107.666667,
 9126.000000,
 9037.444444,
 9018.666667,
 8996.777778,
 8914.111111,
 8903.000000,
 8792.444444,
 8811.000000,
 8787.222222,
 8796.333333,
 8691.888889,
 8650.222222,
 8623.888889,
 8648.111111,
 8688.333333,
 8627.000000,
 8649.444444,
 8698.555556,
 8647.333333,
 8623.000000,
 8642.333333,
 8582.222222,
 8532.888889,
 8488.000000,
 8478.666667,
 8413.111111,
 8481.888889,
 8296.888889,
 8175.555556,
 8201.444444,
 8134.333333,
 8052.444444,
 7946.555556,
 7882.888889,
 7798.333333,
 7717.666667,
 7610.888889,
 7584.111111,
 7472.777778,
 7395.666667,
 7312.000000,
 7235.888889,
 7205.444444,
 7165.444444,
 7111.111111,
 7024.222222,
 6968.111111,
 6906.111111,
 6836.000000,
 6767.444444,
 6689.000000,
 6672.777778,
 6569.111111,
 6555.444444,
 6480.777778,
 6445.111111,
 6414.222222,
 6351.666667,
 6275.666667,
 6277.000000,
 6235.444444,
 6189.333333,
 6164.444444,
 6055.444444,
 6061.222222,
 6081.555556,
 5980.222222,
 5952.888889,
 5934.333333,
 5876.000000,
 5817.666667,
 5752.333333,
 5724.333333,
 5614.666667,
 5567.333333,
 5534.555556,
 5421.222222,
 5325.666667,
 5281.777778,
 5282.555556,
 5185.555556,
 5143.333333,
 5119.000000,
 5074.222222,
 4981.555556,
 4978.111111,
 4951.333333,
 4916.333333,
 4854.888889,
 4853.555556,
 4805.333333,
 4751.222222,
 4656.666667,
 4729.222222,
 4600.888889,
 4613.333333,
 4595.777778,
 4526.111111,
 4488.222222,
 4434.888889,
 4407.555556,
 4403.888889,
 4287.555556,
 4286.333333,
 4250.333333,
 4188.111111,
 4186.111111,
 4164.333333,
 4134.333333,
 4124.666667,
 4054.222222,
 4017.000000,
 3978.222222,
 3911.555556,
 3903.888889,
 3870.666667,
 3886.666667,
 3797.000000,
 3748.444444,
 3748.666667,
 3721.888889,
 3654.111111,
 3687.333333,
 3679.777778,
 3631.222222,
 3597.333333,
 3620.777778,
 3573.111111,
 3519.000000,
 3544.555556,
 3487.888889,
 3470.000000,
 3417.777778,
 3462.777778,
 3425.444444,
 3396.111111,
 3366.555556,
 3350.555556,
 3380.777778,
 3347.666667,
 3320.777778,
 3257.222222,
 3243.000000,
 3268.888889,
 3248.111111,
 3255.333333,
 3264.555556,
 3229.888889,
 3207.333333,
 3147.333333,
 3186.888889,
 3183.888889,
 3143.333333,
 3037.555556,
 3036.000000,
 3010.111111,
 2965.777778,
 3034.222222,
 2923.222222,
 2887.888889,
 2862.111111,
 2886.777778,
 2793.444444,
 2774.777778,
 2778.555556,
 2810.888889,
 2733.888889,
 2747.111111,
 2757.555556,
 2727.888889,
 2698.777778,
 2724.222222,
 2724.444444,
 2700.000000,
 2720.333333,
 2660.333333,
 2668.000000,
 2650.000000,
 2637.666667,
 2611.222222,
 2614.333333,
 2589.111111,
 2556.222222,
 2609.444444,
 2519.444444,
 2516.555556,
 2525.444444,
 2508.666667,
 2545.444444,
 2507.777778,
 2514.333333,
 2502.333333,
 2506.888889,
 2465.222222,
 2481.111111,
 2474.666667,
 2438.222222,
 2441.777778,
 2524.111111,
 2407.111111,
 2468.111111,
 2469.777778,
 2431.555556,
 2412.888889,
 2411.777778,
 2442.333333,
 2427.555556,
 2439.333333,
 2460.333333,
 2421.555556,
 2437.222222,
 2458.000000,
 2464.444444,
 2419.666667,
 2472.111111,
 2495.222222,
 2468.666667,
 2473.222222,
 2470.000000,
 2442.333333,
 2461.555556,
 2484.333333,
 2513.555556,
 2518.666667,
 2535.666667,
 2538.222222,
 2565.000000,
 2560.888889,
 2553.222222,
 2562.111111,
 2607.666667,
 2584.777778,
 2609.777778,
 2611.111111,
 2652.111111,
 2614.777778,
 2666.888889,
 2637.555556,
 2634.888889,
 2660.111111,
 2700.000000,
 2760.888889,
 2763.555556,
 2766.000000,
 2756.444444,
 2792.111111,
 2773.000000,
 2769.222222,
 2867.777778,
 2846.222222,
 2853.333333,
 2860.555556,
 2866.000000,
 2935.444444,
 2890.444444,
 2979.555556,
 2931.222222,
 2964.666667,
 3005.888889,
 2996.666667,
 3004.222222,
 3021.555556,
 3052.333333,
 3031.888889,
 3085.777778,
 3120.111111,
 3117.666667,
 3138.666667,
 3142.000000,
 3162.888889,
 3209.777778,
 3217.777778,
 3218.444444,
 3262.666667,
 3280.333333,
 3305.777778,
 3316.000000,
 3345.666667,
 3359.888889,
 3371.666667,
 3427.555556,
 3458.000000,
 3483.222222,
 3464.000000,
 3439.333333,
 3535.555556,
 3536.111111,
 3591.444444,
 3600.111111,
 3634.555556,
 3670.222222,
 3661.777778,
 3678.555556,
 3695.222222,
 3701.000000,
 3803.888889,
 3720.444444,
 3827.000000,
 3827.666667,
 3878.111111,
 3906.444444,
 3912.444444,
 3990.000000,
 4018.444444,
 4029.888889,
 4059.666667,
 4111.000000,
 4154.888889,
 4168.888889,
 4177.111111,
 4173.777778,
 4147.222222,
 4210.000000,
 4275.555556,
 4220.111111,
 4215.111111,
 4199.777778,
 4255.888889,
 4250.444444,
 4235.666667,
 4301.000000,
 4278.222222,
 4348.222222,
 4296.666667,
 4294.222222,
 4346.333333,
 4336.444444,
 4338.666667,
 4407.777778,
 4398.666667,
 4420.222222,
 4404.888889,
 4401.444444,
 4491.777778,
 4527.000000,
 4486.111111,
 4500.555556,
 4555.666667,
 4544.555556,
 4576.555556,
 4601.000000,
 4630.666667,
 4701.000000,
 4729.222222,
 4706.222222,
 4741.777778,
 4781.444444,
 4745.333333,
 4803.000000,
 4820.333333,
 4852.000000,
 4842.777778,
 4863.888889,
 4938.777778,
 4934.666667,
 4903.888889,
 4912.222222,
 4917.222222,
 4987.333333,
 4997.444444,
 4950.555556,
 4962.555556,
 4940.555556,
 4976.444444,
 4996.777778,
 4968.111111,
 5047.666667,
 5018.222222,
 5019.444444,
 4979.666667,
 4945.555556,
 4988.777778,
 5053.666667,
 5006.111111,
 5059.444444,
 5059.777778