1099.444444,
 1094.111111,
 1148.666667,
 1092.555556,
 1131.111111,
 1105.777778,
 1133.333333,
 1120.888889,
 1111.333333,
 1122.777778,
 1141.555556,
 1129.222222,
 1143.000000,
 1114.888889,
 1186.111111,
 1134.333333,
 1157.222222,
 1123.888889,
 1184.555556,
 1149.111111,
 1151.666667,
 1168.666667,
 1208.666667,
 1196.777778,
 1235.888889,
 1227.444444,
 1208.666667,
 1186.333333,
 1215.555556,
 1199.666667,
 1264.333333,
 1187.777778,
 1198.777778,
 1188.888889,
 1212.777778,
 1220.777778,
 1235.888889,
 1229.666667,
 1235.555556,
 1231.666667,
 1215.444444,
 1250.444444,
 1224.777778,
 1187.777778,
 1263.444444,
 1253.000000,
 1212.000000,
 1211.333333,
 1240.666667,
 1226.111111,
 1214.000000,
 1224.888889,
 1210.333333,
 1163.666667,
 1192.777778,
 1205.111111,
 1168.666667,
 1189.222222,
 1196.888889,
 1153.666667,
 1178.222222,
 1200.111111,
 1186.333333,
 1233.444444,
 1233.888889,
 1309.333333,
 1343.555556,
 1183.888889,
 1237.444444,
 1297.555556,
 1302.888889,
 1332.666667,
 1326.777778,
 1335.888889,
 1441.222222,
 1386.888889,
 1499.111111,
 1427.333333,
 1506.000000,
 1545.222222,
 1546.111111,
 1571.777778,
 1574.222222,
 1619.777778,
 1637.222222,
 1586.000000,
 1595.000000,
 1534.444444,
 1562.000000,
 1537.888889,
 1550.222222,
 1637.444444,
 1803.777778,
 1837.777778,
 1888.888889,
 2001.555556,
 2116.666667,
 2076.666667,
 2119.555556,
 2164.000000,
 2201.000000,
 2257.777778,
 2290.666667,
 2304.333333,
 2360.000000,
 2344.222222,
 2354.444444,
 2432.777778,
 2374.666667,
 2428.000000,
 2473.888889,
 2470.555556,
 2533.444444,
 2577.777778,
 2607.111111,
 2678.111111,
 2766.666667,
 2797.444444,
 2875.000000,
 2891.666667,
 2910.555556,
 2918.777778,
 2926.444444,
 2881.000000,
 2930.111111,
 2935.000000,
 3018.111111,
 3097.888889,
 3188.222222,
 3283.777778,
 3426.333333,
 3447.888889,
 3482.111111,
 3462.666667,
 3524.888889,
 3516.222222,
 3520.222222,
 3575.666667,
 3632.333333,
 3705.111111,
 3711.222222,
 3839.555556,
 3943.666667,
 3994.111111,
 4074.222222,
 4034.111111,
 3770.333333,
 3473.555556,
 3154.111111,
 3135.888889,
 3179.111111,
 3123.333333,
 3500.111111,
 4046.222222,
 4239.111111,
 4572.666667,
 5009.777778,
 5224.222222,
 5358.111111,
 5324.222222,
 5334.000000,
 5288.333333,
 5302.555556,
 5413.111111,
 5625.333333,
 5809.666667,
 6029.666667,
 6117.444444,
 6218.333333,
 6407.666667,
 6755.222222,
 6945.888889,
 6929.888889,
 6949.777778,
 6932.111111,
 6916.555556,
 6973.666667,
 6992.444444,
 7193.000000,
 7324.333333,
 7520.222222,
 7606.111111,
 7730.333333,
 7756.111111,
 7950.000000,
 7916.777778,
 8081.777778,
 8271.666667,
 8377.555556,
 8459.333333,
 8550.555556,
 8669.444444,
 8796.555556,
 8952.333333,
 9068.555556,
 9215.777778,
 9414.777778,
 9422.333333,
 9632.222222,
 9769.111111,
 9888.777778,
 10157.888889,
 10354.111111,
 10579.000000,
 10758.333333,
 10927.777778,
 11230.888889,
 11387.888889,
 11539.111111,
 11615.555556,
 11648.666667,
 11672.111111,
 11536.555556,
 11395.333333,
 11090.444444,
 10398.111111,
 9479.666667,
 9112.444444,
 9748.333333,
 10523.444444,
 11012.333333,
 12126.222222,
 13561.888889,
 14707.555556,
 16019.333333,
 17032.777778,
 17400.555556,
 17785.555556,
 18377.555556,
 19175.444444,
 20051.888889,
 21009.666667,
 22099.777778,
 23289.111111,
 24207.555556,
 25692.777778,
 26663.555556,
 27859.444444,
 28710.000000,
 28974.111111,
 28817.666667,
 28051.222222,
 27099.777778,
 25940.888889,
 24988.111111,
 24168.444444,
 23510.111111,
 23176.333333,
 22695.111111,
 22550.555556,
 22412.222222,
 22464.777778,
 22184.222222,
 21870.666667,
 21442.444444,
 20630.222222,
 20007.333333,
 19491.555556,
 18908.555556,
 18702.444444,
 18373.111111,
 18099.777778,
 18062.777778,
 18137.111111,
 18226.888889,
 18390.222222,
 18556.111111,
 18808.111111,
 19052.000000,
 19037.444444,
 19016.555556,
 18832.555556,
 18791.111111,
 18674.444444,
 18591.111111,
 18439.000000,
 18471.555556,
 18406.777778,
 18462.333333,
 18672.555556,
 19086.888889,
 19424.555556,
 19580.555556,
 19413.777778,
 19198.000000,
 18958.777778,
 18567.666667,
 18419.111111,
 18213.111111,
 18210.666667,
 18496.111111,
 18694.333333,
 18640.555556,
 18797.111111,
 18702.888889,
 18445.555556,
 18500.222222,
 18393.333333,
 18423.222222,
 18373.555556,
 18339.888889,
 18571.777778,
 18563.777778,
 18861.444444,
 18972.555556,
 19228.777778,
 19436.444444,
 19912.333333,
 20228.000000,
 20574.777778,
 21065.333333,
 21553.555556,
 22311.777778,
 22770.222222,
 23149.777778,
 23989.555556,
 24484.888889,
 25125.333333,
 25765.222222,
 26371.000000,
 26806.888889,
 27003.666667,
 26964.888889,
 26719.111111,
 26237.000000,
 25621.444444,
 24941.555556,
 24306.666667,
 23641.555556,
 23188.777778,
 22565.555556,
 22140.888889,
 21814.666667,
 21754.111111,
 21722.222222,
 21590.111111,
 21614.777778,
 21815.444444,
 21919.000000,
 22279.666667,
 22654.444444,
 23044.666667,
 23528.333333,
 24325.666667,
 25112.222222,
 26042.111111,
 27191.000000,
 28325.777778,
 29528.777778,
 30228.444444,
 30473.777778,
 30001.777778,
 28967.444444,
 27884.555556,
 27004.888889,
 26114.444444,
 25305.000000,
 24824.444444,
 24215.888889,
 23646.888889,
 23037.444444,
 22472.555556,
 21813.111111,
 21215.777778,
 20564.555556,
 20106.444444,
 19615.222222,
 19096.555556,
 18816.111111,
 18404.333333,
 18169.666667,
 17923.111111,
 17827.222222,
 17750.000000,
 17731.111111,
 17681.111111,
 17623.000000,
 17783.555556,
 17968.333333,
 18262.333333,
 18444.444444,
 18518.000000,
 18657.777778,
 18329.000000,
 17795.222222,
 17502.000000,
 17056.333333,
 16753.000000,
 16518.000000,
 16256.777778,
 16033.777778,
 15721.666667,
 15640.555556,
 15579.555556,
 15458.555556,
 15494.444444,
 15438.111111,
 15476.222222,
 15447.777778,
 15443.888889,
 15496.000000,
 15554.111111,
 15681.444444,
 15721.555556,
 15984.888889,
 16078.000000,
 16181.111111,
 16409.666667,
 16670.777778,
 16843.666667,
 17122.111111,
 17448.555556,
 18028.666667,
 18423.555556,
 18787.666667,
 18876.555556,
 18977.444444,
 19175.555556,
 19335.333333,
 19733.555556,
 20237.222222,
 20772.111111,
 21447.444444,
 21961.111111,
 22532.333333,
 22981.000000,
 23639.555556,
 24307.555556,
 25213.444444,
 25965.777778,
 26746.222222,
 26843.333333,
 26591.444444,
 25721.888889,
 24862.444444,
 23988.888889,
 23195.000000,
 22551.333333,
 21840.222222,
 21158.444444,
 20621.555556,
 20016.888889,
 19671.555556,
 19405.333333,
 19085.555556,
 18937.555556,
 18728.111111,
 18763.666667,
 18462.111111,
 18330.666667,
 18289.444444,
 18009.000000,
 17812.777778,
 17596.888889,
 17379.333333,
 17204.222222,
 17065.444444,
 16801.555556,
 16783.888889,
 16743.666667,
 16650.333333,
 16650.000000,
 16563.666667,
 16678.777778,
 16679.444444,
 16785.666667,
 17003.000000,
 17159.666667,
 17491.111111,
 17886.000000,
 18238.888889,
 18486.666667,
 18696.777778,
 18753.444444,
 18556.222222,
 18309.333333,
 18215.555556,
 18053.555556,
 17808.888889,
 17804.111111,
 17826.444444,
 17815.222222,
 17897.555556,
 17867.777778,
 17959.000000,
 17858.111111,
 17839.111111,
 17911.888889,
 17866.333333,
 17841.666667,
 17923.111111,
 17893.111111,
 17912.888889,
 17850.333333,
 17887.333333,
 17818.000000,
 18218.555556,
 18461.555556,
 18914.888889,
 19612.555556,
 20410.111111,
 21275.555556,
 22313.666667,
 22691.333333,
 22585.333333,
 22108.555556,
 21485.888889,
 20816.000000,
 20462.777778,
 19977.000000,
 19627.222222,
 19387.333333,
 19153.111111,
 18980.000000,
 18757.333333,
 18561.777778,
 18399.444444,
 18229.666667,
 18196.111111,
 18004.333333,
 17888.777778,
 17815.666667,
 17698.222222,
 17530.555556,
 17624.555556,
 17530.222222,
 17627.666667,
 17827.444444,
 18022.000000,
 18408.777778,
 18698.555556,
 18915.888889,
 19078.444444,
 19220.000000,
 19251.333333,
 19562.888889,
 19841.666667,
 19818.555556,
 20042.222222,
 20090.888889,
 20116.444444,
 20219.222222,
 20318.333333,
 20153.888889,
 20202.444444,
 20265.666667,
 20306.333333,
 20313.666667,
 20403.000000,
 20464.333333,
 20496.111111,
 20763.000000,
 20951.222222,
 21130.000000,
 21250.666667,
 21547.777778,
 21688.444444,
 22042.777778,
 22267.111111,
 22542.000000,
 22786.555556,
 23164.000000,
 23476.888889,
 23854.444444,
 24320.444444,
 24651.555556,
 25095.555556,
 25563.666667,
 25893.444444,
 26347.777778,
 26866.333333,
 27405.444444,
 28046.777778,
 28486.555556,
 28469.888889,
 28164.666667,
 27752.666667,
 27472.666667,
 27409.888889,
 27152.444444,
 27064.555556,
 27150.555556,
 27135.888889,
 27427.000000,
 27843.666667,
 28213.333333,
 28471.222222,
 28633.666667,
 28666.555556,
 28525.333333,
 28500.222222,
 28637.000000,
 28867.000000,
 29062.777778,
 29480.222222,
 29849.000000,
 30187.888889,
 30161.111111,
 30095.555556,
 30272.222222,
 30500.888889,
 30553.888889,
 30490.000000,
 30337.444444,
 30102.888889,
 29627.666667,
 29331.888889,
 28929.111111,
 28835.666667,
 28658.555556,
 28588.666667,
 28375.111111,
 28304.666667,
 28380.111111,
 28433.777778,
 28472.000000,
 28632.222222,
 28763.444444,
 28812.555556,
 29072.777778,
 29310.666667,
 29807.333333,
 30335.000000,
 30852.222222,
 31409.222222,
 31503.555556,
 31476.444444,
 31352.888889,
 31318.111111,
 30971.222222,
 30791.000000,
 30475.000000,
 30358.777778,
 30200.444444,
 30338.222222,
 30202.000000,
 30107.666667,
 29747.222222,
 29823.777778,
 29588.666667,
 29607.555556,
 29620.888889,
 29627.111111,
 29587.111111,
 30030.333333,
 30068.333333,
 30430.888889,
 30724.222222,
 31174.777778,
 31310.222222,
 31648.666667,
 32131.111111,
 32447.777778,
 32592.555556,
 32720.333333,
 32746.444444,
 32801.111111,
 32565.111111,
 32485.777778,
 32605.777778,
 32825.222222,
 32880.888889,
 32972.888889,
 33213.000000,
 33508.333333,
 33786.333333,
 33924.666667,
 34002.444444,
 33932.111111,
 33966.222222,
 33808.555556,
 33577.888889,
 33237.000000,
 33058.888889,
 32726.333333,
 32519.111111,
 31979.333333,
 31601.666667,
 31297.555556,
 30845.555556,
 30553.888889,
 30268.333333,
 30035.555556,
 29692.333333,
 29521.444444,
 29315.000000,
 29044.888889,
 28774.888889,
 28708.666667,
 28538.444444,
 28366.777778,
 28299.666667,
 28114.666667,
 27948.333333,
 27744.666667,
 27826.000000,
 27710.555556,
 27640.000000,
 27703.222222,
 27802.111111,
 27720.333333,
 27736.333333,
 27763.666667,
 27494.222222,
 27331.666667,
 27075.666667,
 26763.222222,
 26588.888889,
 26291.555556,
 26078.000000,
 25974.888889,
 25898.333333,
 25864.888889,
 25923.333333,
 25948.777778,
 25605.000000,
 25484.666667,
 25494.111111,
 25450.555556,
 25400.111111,
 25340.666667,
 25315.666667,
 25437.777778,
 25375.888889,
 25545.888889,
 25631.333333,
 25766.333333,
 25918.111111,
 26170.222222,
 26329.555556,
 26204.000000,
 26066.444444,
 26144.111111,
 26211.111111,
 26329.666667,
 26189.222222,
 26498.333333,
 26714.444444,
 26806.555556,
 27254.777778,
 27555.000000,
 27778.000000,
 28104.888889,
 28292.333333,
 28590.000000,
 28833.777778,
 28700.333333,
 28702.333333,
 28591.222222,
 28602.555556,
 28695.222222,
 28522.222222,
 28705.555556,
 28526.555556,
 28593.555556,
 28571.444444,
 28390.222222,
 28476.333333,
 28342.222222,
 28435.111111,
 28509.000000,
 28472.555556,
 28415.333333,
 28586.222222,
 28557.111111,
 28714.111111,
 28429.666667,
 28565.444444,
 28392.777778,
 28286.000000,
 28168.666667,
 28075.666667,
 27980.111111,
 28189.555556,
 28125.555556,
 28205.000000,
 28446.777778,
 28444.444444,
 28877.555556,
 29135.111111,
 29480.444444,
 30009.444444,
 30426.777778,
 31069.111111,
 31815.222222,
 32036.222222,
 32255.555556,
 31896.666667,
 31645.111111,
 31307.333333,
 30671.222222,
 30241.333333,
 29916.444444,
 29576.555556,
 29412.444444,
 29098.777778,
 28816.000000,
 28591.444444,
 28506.666667,
 28440.333333,
 28375.111111,
 28277.777778,
 28184.777778,
 28222.444444,
 28002.222222,
 27899.888889,
 27937.222222,
 27904.444444,
 27919.888889,
 28047.333333,
 28254.777778,
 28423.000000,
 28570.666667,
 28609.888889,
 28741.444444,
 28866.777778,
 28734.777778,
 28684.222222,
 28468.444444,
 28168.000000,
 28099.555556,
 27681.333333,
 27519.555556,
 27164.555556,
 27043.666667,
 26903.666667,
 26709.888889,
 26751.444444,
 26578.222222,
 26600.777778,
 26529.222222,
 26493.333333,
 26526.222222,
 26562.333333,
 26664.555556,
 26756.777778,
 26977.888889,
 27107.555556,
 27331.444444,
 27668.888889,
 27689.111111,
 28110.222222,
 28427.888889,
 28800.111111,
 29189.666667,
 29487.333333,
 29822.666667,
 30162.888889,
 30305.888889,
 30179.666667,
 30096.888889,
 29996.555556,
 29583.888889,
 29274.555556,
 29020.444444,
 28630.555556,
 28386.444444,
 28215.777778,
 27945.222222,
 27922.000000,
 27722.333333,
 27645.555556,
 27577.000000,
 27419.333333,
 27248.444444,
 26767.111111,
 26485.777778,
 26088.222222,
 25953.111111,
 25555.111111,
 25384.444444,
 25009.555556,
 24683.666667,
 24479.444444,
 24411.888889,
 24136.444444,
 24008.444444,
 23894.555556,
 23754.888889,
 23782.777778,
 23695.888889,
 23736.111111,
 23480.666667,
 23341.777778,
 23341.111111,
 23221.555556,
 23225.666667,
 23087.111111,
 22984.555556,
 23001.666667,
 22946.777778,
 22752.333333,
 22748.333333,
 22741.888889,
 22675.333333,
 22553.111111,
 22667.333333,
 22745.111111,
 22742.444444,
 22670.333333,
 22774.333333,
 22764.222222,
 22923.888889,
 22802.222222,
 22871.333333,
 22965.777778,
 23004.666667,
 22779.444444,
 22597.555556,
 22716.555556,
 22537.777778,
 22443.222222,
 22327.555556,
 22090.555556,
 21833.444444,
 21696.555556,
 21365.333333,
 21093.555556,
 20869.555556,
 20649.222222,
 20290.111111,
 20154.666667,
 20115.555556,
 19899.444444,
 19663.000000,
 19423.555556,
 19285.222222,
 18971.777778,
 18827.000000,
 18710.000000,
 18521.888889,
 18363.777778,
 18189.111111,
 18068.222222,
 17963.555556,
 17866.444444,
 17739.000000,
 17727.333333,
 17538.000000,
 17554.444444,
 17479.555556,
 17470.888889,
 17444.666667,
 17378.111111,
 17206.666667,
 17197.000000,
 16912.000000,
 16914.333333,
 16786.777778,
 16547.111111,
 16511.111111,
 16256.666667,
 16129.333333,
 15914.222222,
 15858.111111,
 15665.777778,
 15545.222222,
 15347.000000,
 15366.222222,
 15218.111111,
 15173.888889,
 15078.888889,
 15012.777778,
 14854.111111,
 14895.888889,
 14804.222222,
 14719.222222,
 14692.666667,
 14619.777778,
 14486.666667,
 14414.555556,
 14342.555556,
 14181.555556,
 14091.111111,
 14126.777778,
 14021.888889,
 13994.444444,
 13969.222222,
 13979.333333,
 14027.444444,
 14036.555556,
 14125.666667,
 14091.666667,
 14132.777778,
 14253.222222,
 14099.000000,
 14222.888889,
 14127.333333,
 14105.666667,
 14135.555556,
 14049.888889,
 13996.222222,
 13855.333333,
 13693.111111,
 13583.000000,
 13411.555556,
 13275.666667,
 13173.777778,
 12951.444444,
 12864.111111,
 12657.111111,
 12538.666667,
 12323.888889,
 12054.222222,
 11940.111111,
 11731.444444,
 11590.111111,
 11424.777778,
 11172.888889,
 11115.555556,
 10928.777778,
 10903.444444,
 10746.888889,
 10613.111111,
 10567.444444,
 10533.777778,
 10427.555556,
 10295.000000,
 10255.333333,
 10232.222222,
 10170.888889,
 10111.222222,
 10035.444444,
 9979.111111,
 9909.888889,
 9810.555556,
 9765.777778,
 9640.333333,
 9595.555556,
 9426.777778,
 9380.888889,
 9220.000000,
 9161.222222,
 8997.555556,
 8882.333333,
 8905.555556,
 8775.000000,
 8716.111111,
 8637.888889,
 8519.222222,
 8566.555556,
 8464.555556,
 8390.888889,
 8338.444444,
 8308.222222,
 8318.333333,
 8223.444444,
 8184.111111,
 8169.222222,
 8150.777778,
 8111.777778,
 8001.333333,
 7917.777778,
 7870.333333,
 7771.888889,
 7628.555556,
 7557.111111,
 7514.444444,
 7413.555556,
 7402.777778,
 7330.222222,
 7277.666667,
 7265.000000,
 7187.000000,
 7150.888889,
 7070.666667,
 7082.888889,
 7038.000000,
 6916.444444,
 6854.222222,
 6800.111111,
 6728.777778,
 6670.222222,
 6682.888889,
 6676.444444,
 6650.888889,
 6718.222222,
 6629.777778,
 6687.111111,
 6582.000000,
 6494.444444,
 6336.444444,
 6270.111111,
 6130.444444,
 5981.222222,
 5898.444444,
 5826.666667,
 5734.444444,
 5685.333333,
 5710.111111,
 5664.555556,
 5655.222222,
 5658.222222,
 5673.777778,
 5662.555556,
 5773.111111,
 5701.555556,
 5746.777778,
 5803.000000,
 5747.888889,
 5773.666667,
 5791.888889,
 5833.888889,
 5833.666667,
 5990.222222,
 6001.888889,
 6070.000000,
 6119.777778,
 6093.222222,
 6099.333333,
 6016.111111,
 5975.111111,
 5834.222222,
 5774.000000,
 5745.777778,
 5617.111111,
 5541.444444,
 5499.000000,
 5405.888889,
 5357.666667,
 5350.444444,
 5278.888889,
 5277.000000,
 5258.777778,
 5308.555556,
 5315.444444,
 5329.111111,
 5326.777778,
 5341.777778,
 5294.111111,
 5284.111111,
 5223.888889,
 5189.555556,
 5213.555556,
 5121.000000,
 5135.111111,
 5194.555556,
 5267.444444,
 5305.111111,
 5375.555556,
 5347.555556,
 5376.333333,
 5514.888889,
 5475.777778,
 5582.777778,
 5678.000000,
 5714.222222,
 5713.666667,
 5804.666667,
 5847.444444,
 5935.555556,
 5958.888889,
 6029.000000,
 6028.222222,
 6067.555556,
 6088.222222,
 6120.777778,
 6133.666667,
 6157.555556,
 6179.888889,
 6148.111111,
 6161.777778,
 6173.555556,
 6188.222222,
 6184.777778,
 6174.777778,
 6217.666667,
 6193.222222,
 6243.888889,
 6266.111111,
 6297.666667,
 6395.777778,
 6541.111111,
 6581.888889,
 6645.444444,
 6723.444444,
 6851.000000,
 6949.555556,
 7057.111111,
 7093.111111,
 7180.111111,
 7225.444444,
 7341.000000,
 7350.555556,
 7418.888889,
 7471.555556,
 7504.666667,
 7559.777778,
 7565.777778,
 7658.111111,
 7716.111111,
 7797.444444,
 7760.333333,
 7813.555556,
 7911.555556,
 7980.555556,
 7994.000000,
 8068.222222,
 8063.000000,
 8124.222222,
 8156.000000,
 8180.000000,
 8170.222222,
 8334.888889,
 8215.555556,
 8291.000000,
 8322.222222,
 8292.666667,
 8376.222222,
 8417.444444,
 8345.666667,
 8338.666667,
 8458.222222,
 8494.444444,
 8496.555556,
 8567.333333,
 8621.333333,
 8673.222222,
 8685.888889,
 8749.888889,
 8743.222222,
 8821.666667,
 8770.555556,
 8703.555556,
 8638.333333,
 8648.111111,
 8622.111111,
 8536.888889,
 8512.111111,
 8493.888889,
 8559.111111,
 8535.333333,
 8516.666667,
 8511.666667,
 8601.777778,
 8534.222222,
 8673.777778,
 8657.888889,
 8614.111111,
 8694.333333,
 8783.333333,
 8825.333333,
 8902.111111,
 8780.333333,
 8850.333333,
 9016.222222,
 8901.444444,
 8882.777778,
 8874.000000,
 8773.777778,
 8816.777778,
 8762.333333,
 8753.444444,
 8704.444444,
 8733.777778,
 8689.777778,
 8808.555556,
 8682.555556,
 8658.888889,
 8690.222222,
 8700.444444,
 8652.444444,
 8657.777778,
 8674.222222,
 8699.444444,
 8603.555556,
 8715.333333,
 8666.666667,
 8637.000000,
 8648.777778,
 8661.666667,
 8596.444444,
 8585.666667,
 8555.555556,
 8595.111111,
 8624.888889,
 8665.333333,
 8676.888889,
 8742.666667,
 8798.222222,
 8845.888889,
 8878.666667,
 8972.666667,
 8995.888889,
 9113.444444,
 9191.888889,
 9243.555556,
 9377.000000,
 9472.777778,
 9550.222222,
 9642.000000,
 9687.777778,
 9812.222222,
 9837.111111,
 9956.333333,
 9944.666667,
 10019.666667,
 10058.222222,
 10118.333333,
 10168.333333,
 10135.666667,
 10252.555556,
 10226.222222,
 10245.000000,
 10303.000000,
 10244.333333,
 10347.333333,
 10294.000000,
 10346.888889,
 10419.000000,
 10449.888889,
 10441.000000,
 10537.333333,
 10534.888889,
 10536.333333,
 10672.777778,
 10721.111111,
 10826.333333,
 10963.777778,
 10921.555556,
 11124.222222,
 11103.888889,
 11198.222222,
 11183.000000,
 11207.555556,
 11208.333333,
 11158.111111,
 11109.555556,
 10953.333333,
 10879.333333,
 10847.777778,
 10833.111111,
 10687.555556,
 10675.333333,
 10731.111111,
 10708.222222,
 10750.555556,
 10751.777778,
 10847.666667,
 10914.333333,
 11022.000000,
 11034.111111,
 11089.555556,
 11068.666667,
 11098.111111,
 11113.333333,
 11084.000000,
 11018.666667,
 10919.000000,
 10852.777778,
 10809.111111,
 10707.333333,
 10636.111111,
 10545.000000,
 10512.111111,
 10447.888889,
 10451.444444,
 10367.000000,
 10276.888889,
 10210.111111,
 10120.888889,
 10212.555556,
 10071.000000,
 9994.555556,
 9875.333333,
 9859.000000,
 9864.111111,
 9817.222222,
 9693.444444,
 9685.333333,
 9618.888889,
 9629.333333,
 9533.666667,
 9524.444444,
 9443.444444,
 9438.222222,
 9414.888889,
 9447.444444,
 9454.111111,
 9360.333333,
 9358.666667,
 9299.000000,
 9336.444444,
 9274.888889,
 9234.555556,
 9226.666667,
 9297.777778,
 9224.777778,
 9212.555556,
 9112.000000,
 9173.000000,
 9170.222222,
 9116.222222,
 9024.000000,
 9043.555556,
 9084.555556,
 8965.555556,
 8902.000000,
 8922.333333,
 8860.333333,
 8865.333333,
 8796.222222,
 8750.666667,
 8683.222222,
 8660.444444,
 8671.666667,
 8642.111111,
 8583.666667,
 8556.111111,
 8542.555556,
 8490.222222,
 8493.444444,
 8530.111111,
 8462.666667,
 8494.333333,
 8490.222222,
 8468.333333,
 8492.888889,
 8504.777778,
 8466.111111,
 8356.333333,
 8306.888889,
 8351.888889,
 8279.555556,
 8312.222222,
 8179.333333,
 8055.222222,
 8052.888889,
 7970.555556,
 7921.555556,
 7828.333333,
 7793.666667,
 7690.000000,
 7623.444444,
 7506.111111,
 7446.555556,
 7384.111111,
 7339.777778,
 7257.555556,
 7156.222222,
 7186.000000,
 7085.444444,
 7047.555556,
 6959.111111,
 6892.555556,
 6792.666667,
 6781.666667,
 6684.666667,
 6637.111111,
 6611.222222,
 6539.333333,
 6496.666667,
 6422.666667,
 6464.333333,
 6366.111111,
 6312.333333,
 6278.333333,
 6206.000000,
 6246.333333,
 6211.777778,
 6179.111111,
 6101.111111,
 6080.555556,
 6088.444444,
 6000.777778,
 5959.666667,
 5988.333333,
 5895.888889,
 5833.111111,
 5788.000000,
 5739.666667,
 5627.666667,
 5566.111111,
 5502.333333,
 5456.222222,
 5369.777778,
 5319.333333,
 5287.333333,
 5252.111111,
 5191.333333,
 5178.333333,
 5135.777778,
 5031.666667,
 5051.777778,
 4961.111111,
 4943.444444,
 4922.000000,
 4888.777778,
 4860.444444,
 4765.444444,
 4751.111111,
 4782.888889,
 4687.444444,
 4707.555556,
 4650.222222,
 4582.777778,
 4582.888889,
 4520.444444,
 4505.333333,
 4497.666667,
 4417.777778,
 4419.000000,
 4372.888889,
 4286.222222,
 4259.111111,
 4242.000000,
 4221.888889,
 4214.333333,
 4166.777778,
 4140.444444,
 4063.555556,
 4031.777778,
 4040.222222,
 3975.666667,
 3985.444444,
 3907.666667,
 3892.777778,
 3870.111111,
 3842.333333,
 3820.555556,
 3800.666667,
 3789.555556,
 3733.888889,
 3776.222222,
 3758.444444,
 3703.000000,
 3653.333333,
 3680.111111,
 3615.777778,
 3608.666667,
 3556.666667,
 3565.777778,
 3540.666667,
 3533.111111,
 3509.000000,
 3534.444444,
 3523.777778,
 3463.333333,
 3449.000000,
 3436.777778,
 3393.222222,
 3383.444444,
 3387.777778,
 3368.000000,
 3375.666667,
 3360.777778,
 3382.111111,
 3327.888889,
 3368.777778,
 3333.555556,
 3272.888889,
 3196.111111,
 3181.555556,
 3153.000000,
 3122.111111,
 3163.222222,
 3094.666667,
 3063.888889,
 3024.777778,
 3032.666667,
 2969.555556,
 2934.000000,
 2958.000000,
 2981.222222,
 2898.444444,
 2911.555556,
 2922.333333,
 2892.000000,
 2866.000000,
 2861.888889,
 2901.888889,
 2863.111111,
 2881.555556,
 2811.666667,
 2787.888889,
 2778.888889,
 2806.333333,
 2748.666667,
 2733.777778,
 2760.555556,
 2704.555556,
 2753.222222,
 2650.666667,
 2680.888889,
 2636.333333,
 2659.555556,
 2658.333333,
 2636.111111,
 2611.444444,
 2601.888889,
 2611.222222,
 2570.777778,
 2604.888889,
 2593.666667,
 2571.111111,
 2525.000000,
 2626.666667,
 2501.888889,
 2562.777778,
 2541.333333,
 2522.555556,
 2518.777778,
 2553.111111,
 2526.666667,
 2535.333333,
 2513.777778,
 2523.444444,
 2509.666667,
 2534.222222,
 2545.444444,
 2534.444444,
 2503.666667,
 2537.444444,
 2563.222222,
 2535.555556,
 2514.111111,
 2521.111111,
 2517.111111,
 2545.777778,
 2564.000000,
 2569.444444,
 2557.666667,
 2561.666667,
 2573.000000,
 2590.777778,
 2616.666667,
 2608.222222,
 2606.777778,
 2650.000000,
 2610.222222,
 2634.555556,
 2604.111111,
 2678.888889,
 2626.444444,
 2672.111111,
 2649.333333,
 2672.000000,
 2691.666667,
 2726.666667,
 2768.333333,
 2770.222222,
 2766.555556,
 2790.222222,
 2790.888889,
 2789.777778,
 2789.888889,
 2864.777778,
 2834.666667,
 2872.222222,
 2849.666667,
 2838.111111,
 2900.111111,
 2882.111111,
 2958.666667,
 2908.777778,
 2947.555556,
 2973.666667,
 2962.111111,
 2993.222222,
 2996.333333,
 3015.000000,
 3032.888889,
 3055.555556,
 3078.444444,
 3074.222222,
 3098.333333,
 3102.444444,
 3137.555556,
 3130.666667,
 3164.555556,
 3172.666667,
 3213.444444,
 3192.222222,
 3276.444444,
 3275.666667,
 3285.111111,
 3327.000000,
 3322.222222,
 3350.666667,
 3399.666667,
 3425.555556,
 3402.555556,
 3407.666667,
 3497.333333,
 3462.888889,
 3487.111111,
 3547.000000,
 3528.000000,
 3565.444444,
 3558.333333,
 3585.111111,
 3631.555556,
 3667.666667,
 3710.222222,
 3667.777778,
 3724.555556,
 3765.888889,
 3768.333333,
 3786.666667,
 3850.444444,
 3887.000000,
 3919.000000,
 3951.888889,
 3951.333333,
 4017.888889,
 4073.000000,
 4061.555556,
 4065.111111,
 4079.111111,
 4066.555556,
 4091.555556,
 4151.666667,
 4071.444444,
 4093.111111,
 4065.444444,
 4128.777778,
 4114.555556,
 4074.555556,
 4173.333333,
 4154.888889,
 4230.222222,
 4160.222222,
 4163.000000,
 4217.111111,
 4197.333333,
 4235.777778,
 4281.000000,
 4292.777778,
 4294.333333,
 4244.444444,
 4277.333333,
 4344.000000,
 4366.333333,
 4346.888889,
 4348.777778,
 4403.888889,
 4421.888889,
 4471.666667,
 4457.333333,
 4504.111111,
 4492.444444,
 4563.777778,
 4565.333333,
 4575.888889,
 4636.888889,
 4605.888889,
 4645.888889,
 4688.000000,
 4672.000000,
 4668.444444,
 4692.888889,
 4783.333333,
 4819.333333,
 4740.222222,
 4789.333333,
 4749.888889,
 4784.000000,
 4825.888889,
 4766.444444,
 4780.555556,
 4794.888889,
 4818.333333,
 4794.888889,
 4799.000000,
 4882.444444,
 4837.555556,
 4864.333333,
 4812.666667,
 4808.777778,
 4846.111111,
 4877.555556,
 4860.444444,
 4877.444444,
 4892.111111